0.000000e+00 0.000000e+00
1.000000e+04 1.878440e-13
2.000000e+04 4.953291e-14
3.000000e+04 3.835625e-14
4.000000e+04 8.331689e-14
5.000000e+04 3.492705e-14
6.000000e+04 1.042604e-12
7.000000e+04 6.820300e-14
8.000000e+04 2.489346e-14
9.000000e+04 4.889787e-14
1.000000e+05 6.185263e-14
1.100000e+05 3.060880e-14
1.200000e+05 5.753438e-14
1.300000e+05 3.314895e-14
1.400000e+05 4.758969e-13
1.500000e+05 6.477380e-14
1.600000e+05 3.695917e-14
1.700000e+05 7.328330e-14
1.800000e+05 7.404534e-14
1.900000e+05 3.308544e-13
2.000000e+05 5.004094e-14
2.100000e+05 7.010811e-14
2.200000e+05 1.338659e-13
2.300000e+05 8.649208e-14
2.400000e+05 5.105700e-14
2.500000e+05 3.086281e-14
2.600000e+05 5.816941e-14
2.700000e+05 2.056251e-13
2.800000e+05 2.298835e-14
2.900000e+05 4.597670e-14
3.000000e+05 2.475375e-13
3.100000e+05 5.156503e-14
3.200000e+05 7.277527e-14
3.300000e+05 2.946573e-14
3.400000e+05 7.214023e-14
3.500000e+05 8.165309e-13
3.600000e+05 1.740002e-14
3.700000e+05 5.524824e-14
3.800000e+05 2.997376e-14
3.900000e+05 2.006718e-14
4.000000e+05 7.887163e-14
4.100000e+05 6.985410e-15
4.200000e+05 4.381757e-14
4.300000e+05 6.511672e-13
4.400000e+05 2.159127e-14
4.500000e+05 6.655191e-14
4.600000e+05 8.687310e-14
4.700000e+05 2.197229e-14
4.800000e+05 2.169287e-13
4.900000e+05 2.438543e-14
5.000000e+05 3.784822e-14
5.100000e+05 2.634135e-13
5.200000e+05 2.540149e-15
5.300000e+05 4.292852e-14
5.400000e+05 3.022777e-14
5.500000e+05 2.032119e-15
5.600000e+05 1.483447e-13
5.700000e+05 8.255484e-15
5.800000e+05 9.271544e-15
5.900000e+05 5.010444e-13
6.000000e+05 6.731395e-15
6.100000e+05 4.280151e-14
6.200000e+05 5.880445e-14
6.300000e+05 1.498688e-14
6.400000e+05 5.570547e-13
6.500000e+05 3.022777e-14
6.600000e+05 6.731395e-15
6.700000e+05 8.306287e-14
6.800000e+05 9.525559e-15
6.900000e+05 1.473286e-14
7.000000e+05 5.143802e-14
7.100000e+05 4.572268e-15
7.200000e+05 7.405805e-13
7.300000e+05 5.740737e-14
7.400000e+05 1.384381e-14
7.500000e+05 1.071943e-13
7.600000e+05 5.905847e-14
7.700000e+05 8.242784e-14
7.800000e+05 7.010811e-14
7.900000e+05 3.314895e-14
8.000000e+05 3.634953e-13
8.100000e+05 9.131836e-14
8.200000e+05 3.187887e-14
8.300000e+05 6.439278e-14
8.400000e+05 5.766138e-14
8.500000e+05 7.937966e-14
8.600000e+05 4.737378e-14
8.700000e+05 4.521465e-14
8.800000e+05 6.902855e-13
8.900000e+05 8.064973e-14
9.000000e+05 2.870368e-14
9.100000e+05 2.578251e-14
9.200000e+05 6.134460e-14
9.300000e+05 2.794164e-13
9.400000e+05 2.984675e-14
9.500000e+05 3.645114e-14
9.600000e+05 1.018600e-13
9.700000e+05 5.829642e-14
9.800000e+05 3.403800e-14
9.900000e+05 4.953291e-15
1.000000e+06 5.651832e-14
1.010000e+06 7.575995e-13
1.020000e+06 2.463945e-14
1.030000e+06 4.724677e-14
1.040000e+06 5.372415e-14
1.050000e+06 1.397082e-14
1.060000e+06 6.464679e-14
1.070000e+06 1.524089e-14
1.080000e+06 3.416500e-14
1.090000e+06 3.661625e-13
1.100000e+06 7.620447e-16
1.110000e+06 4.534166e-14
1.120000e+06 3.175186e-14
1.130000e+06 1.727301e-14
1.140000e+06 9.322347e-14
1.150000e+06 1.016060e-14
1.160000e+06 3.937231e-14
1.170000e+06 9.028960e-13
1.180000e+06 2.540149e-15
1.190000e+06 5.588328e-14
1.200000e+06 1.943214e-14
1.210000e+06 2.171827e-14
1.220000e+06 1.600294e-13
1.230000e+06 2.794164e-15
1.240000e+06 2.133725e-14
1.250000e+06 2.758602e-13
1.260000e+06 6.477380e-15
1.270000e+06 4.292852e-14
1.280000e+06 3.886428e-14
1.290000e+06 2.057521e-14
1.300000e+06 7.158140e-13
1.310000e+06 2.883069e-14
1.320000e+06 1.943214e-14
1.330000e+06 1.127826e-13
1.340000e+06 2.171827e-14
1.350000e+06 4.127742e-14
1.360000e+06 6.223365e-14
1.370000e+06 7.620447e-15
1.380000e+06 3.525727e-13
1.390000e+06 2.794164e-14
1.400000e+06 3.937231e-15
1.410000e+06 1.195140e-13
1.420000e+06 2.032119e-15
1.430000e+06 3.124383e-14
1.440000e+06 4.432560e-14
1.450000e+06 1.270075e-16
1.460000e+06 8.898142e-13
1.470000e+06 2.146426e-14
1.480000e+06 3.124383e-14
1.490000e+06 2.578251e-14
1.500000e+06 7.366432e-15
1.510000e+06 2.679857e-14
1.520000e+06 2.387740e-14
1.530000e+06 9.017529e-15
1.540000e+06 4.205217e-13
1.550000e+06 5.181904e-14
1.560000e+06 8.255484e-15
1.570000e+06 4.788181e-14
1.580000e+06 4.318253e-14
1.590000e+06 4.383027e-13
1.600000e+06 2.921171e-14
1.610000e+06 2.108324e-14
1.620000e+06 7.214023e-14
1.630000e+06 4.559568e-14
1.640000e+06 4.445261e-15
1.650000e+06 9.017529e-15
1.660000e+06 3.149785e-14
1.670000e+06 2.077842e-13
1.680000e+06 9.398551e-15
1.690000e+06 2.527448e-14
1.700000e+06 1.696820e-13
1.710000e+06 3.619712e-14
1.720000e+06 5.385116e-14
1.730000e+06 1.143067e-15
1.740000e+06 3.861027e-14
1.750000e+06 7.525192e-13
1.760000e+06 9.144537e-15
1.770000e+06 3.340296e-14
1.780000e+06 3.810224e-15
1.790000e+06 2.743361e-14
1.800000e+06 4.965991e-14
1.810000e+06 1.460586e-14
1.820000e+06 3.810224e-14
1.830000e+06 6.380854e-13
1.840000e+06 1.130366e-14
1.850000e+06 3.873727e-14
1.860000e+06 3.098982e-14
1.870000e+06 1.536790e-14
1.880000e+06 2.594762e-13
1.890000e+06 6.223365e-15
1.900000e+06 1.244673e-14
1.910000e+06 1.896221e-13
1.920000e+06 3.810224e-15
1.930000e+06 5.042196e-14
1.940000e+06 2.413142e-15
1.950000e+06 1.549491e-14
1.960000e+06 1.773024e-13
1.970000e+06 2.260733e-14
1.980000e+06 9.906581e-15
1.990000e+06 3.426661e-13
2.000000e+06 3.518106e-14
2.010000e+06 1.892411e-14
2.020000e+06 1.155768e-14
2.030000e+06 4.064238e-14
2.040000e+06 5.707715e-13
2.050000e+06 1.651097e-14
2.060000e+06 2.908471e-14
2.070000e+06 3.835625e-14
2.080000e+06 2.184528e-14
2.090000e+06 8.890522e-15
2.100000e+06 2.679857e-14
2.110000e+06 3.962633e-14
2.120000e+06 7.776666e-13
2.130000e+06 4.191246e-15
2.140000e+06 3.734019e-14
2.150000e+06 6.388475e-14
2.160000e+06 4.064238e-15
2.170000e+06 9.042931e-14
2.180000e+06 1.422483e-14
2.190000e+06 2.565551e-14
2.200000e+06 2.423302e-13
2.210000e+06 1.066863e-14
2.220000e+06 5.156503e-14
2.230000e+06 1.054162e-14
2.240000e+06 1.651097e-14
2.250000e+06 5.296211e-14
2.260000e+06 1.524089e-15
2.270000e+06 4.089640e-14
2.280000e+06 4.816123e-13
2.290000e+06 6.858402e-15
2.300000e+06 4.330954e-14
2.310000e+06 1.740002e-14
2.320000e+06 6.350373e-15
2.330000e+06 2.761142e-13
2.340000e+06 1.740002e-14
2.350000e+06 3.276792e-14
2.360000e+06 1.270075e-14
2.370000e+06 1.447885e-14
2.380000e+06 2.844967e-14
2.390000e+06 5.283510e-14
2.400000e+06 6.350373e-16
2.410000e+06 7.849061e-13
2.420000e+06 5.029495e-14
2.430000e+06 4.877086e-14
2.440000e+06 3.238690e-14
2.450000e+06 2.489346e-14
2.460000e+06 6.858402e-15
2.470000e+06 5.359714e-14
2.480000e+06 3.937231e-15
2.490000e+06 3.129464e-13
2.500000e+06 4.305553e-14
2.510000e+06 1.841608e-14
2.520000e+06 1.308177e-14
2.530000e+06 2.413142e-15
2.540000e+06 7.099717e-14
2.550000e+06 3.594311e-14
2.560000e+06 2.248032e-14
2.570000e+06 7.046373e-13
2.580000e+06 2.565551e-14
2.590000e+06 1.943214e-14
2.600000e+06 2.476645e-14
2.610000e+06 2.832266e-14
2.620000e+06 1.461856e-13
2.630000e+06 5.689934e-14
2.640000e+06 1.701900e-14
2.650000e+06 1.833988e-13
2.660000e+06 2.971974e-14
2.670000e+06 1.104965e-14
2.680000e+06 5.461320e-15
2.690000e+06 4.127742e-14
2.700000e+06 8.001469e-13
2.710000e+06 3.175186e-14
2.720000e+06 2.590952e-14
2.730000e+06 4.572268e-14
2.740000e+06 3.505406e-14
2.750000e+06 5.080298e-15
2.760000e+06 6.604388e-15
2.770000e+06 3.734019e-14
2.780000e+06 3.450792e-13
2.790000e+06 1.803506e-14
2.800000e+06 2.692558e-14
2.810000e+06 8.318988e-14
2.820000e+06 1.562192e-14
2.830000e+06 4.419859e-14
2.840000e+06 1.155768e-14
2.850000e+06 2.667156e-14
2.860000e+06 7.391834e-13
2.870000e+06 1.270075e-15
2.880000e+06 3.314895e-14
2.890000e+06 1.943214e-14
2.900000e+06 4.318253e-15
2.910000e+06 4.102341e-14
2.920000e+06 1.358980e-14
2.930000e+06 2.997376e-14
2.940000e+06 3.594311e-13
2.950000e+06 1.587593e-14
2.960000e+06 1.346279e-14
2.970000e+06 2.438543e-14
2.980000e+06 6.223365e-15
2.990000e+06 5.095539e-13
3.000000e+06 1.066863e-14
3.010000e+06 2.209930e-14
3.020000e+06 5.677233e-14
3.030000e+06 2.502047e-14
3.040000e+06 9.398551e-15
3.050000e+06 7.239425e-15
3.060000e+06 3.327595e-14
3.070000e+06 2.649375e-13
3.080000e+06 3.086281e-14
3.090000e+06 3.365697e-14
3.100000e+06 1.345009e-13
3.110000e+06 6.197964e-14
3.120000e+06 7.810958e-14
3.130000e+06 1.562192e-14
3.140000e+06 5.753438e-14
3.150000e+06 7.079395e-13
3.160000e+06 2.082922e-14
3.170000e+06 4.318253e-14
3.180000e+06 2.286134e-15
3.190000e+06 5.029495e-14
3.200000e+06 5.410517e-14
3.210000e+06 5.334313e-15
3.220000e+06 4.178545e-14
3.230000e+06 6.274168e-13
3.240000e+06 8.509499e-15
3.250000e+06 4.927889e-14
3.260000e+06 2.438543e-14
3.270000e+06 3.734019e-14
3.280000e+06 3.620982e-13
3.290000e+06 1.676498e-14
3.300000e+06 1.638396e-14
3.310000e+06 1.362790e-13
3.320000e+06 1.231972e-14
3.330000e+06 3.403800e-14
3.340000e+06 3.810224e-16
3.350000e+06 1.181169e-14
3.360000e+06 2.146426e-13
3.370000e+06 4.305553e-14
3.380000e+06 2.794164e-15
3.390000e+06 2.677317e-13
3.400000e+06 2.438543e-14
3.410000e+06 2.971974e-14
3.420000e+06 5.969350e-15
3.430000e+06 1.740002e-14
3.440000e+06 6.106518e-13
3.450000e+06 1.574892e-14
3.460000e+06 5.842343e-15
3.470000e+06 5.816941e-14
3.480000e+06 9.906581e-15
3.490000e+06 2.095623e-14
3.500000e+06 4.572268e-15
3.510000e+06 2.692558e-14
3.520000e+06 8.416784e-13
3.530000e+06 5.080298e-15
3.540000e+06 2.336937e-14
3.550000e+06 5.156503e-14
3.560000e+06 1.346279e-14
3.570000e+06 1.333578e-13
3.580000e+06 4.064238e-15
3.590000e+06 4.394458e-14
3.600000e+06 2.215010e-13
3.610000e+06 2.349638e-14
3.620000e+06 3.861027e-14
3.630000e+06 3.556209e-15
3.640000e+06 1.943214e-14
3.650000e+06 6.998111e-14
3.660000e+06 4.699276e-15
3.670000e+06 5.524824e-14
3.680000e+06 3.982954e-13
3.690000e+06 9.144537e-15
3.700000e+06 4.000735e-14
3.710000e+06 1.994017e-14
3.720000e+06 1.066863e-14
3.730000e+06 3.186617e-13
3.740000e+06 2.082922e-14
3.750000e+06 5.766138e-14
3.760000e+06 1.117666e-14
3.770000e+06 1.803506e-14
3.780000e+06 5.359714e-14
3.790000e+06 5.397817e-14
3.800000e+06 2.857668e-14
3.810000e+06 8.687310e-13
3.820000e+06 5.423218e-14
3.830000e+06 4.216647e-14
3.840000e+06 5.143802e-14
3.850000e+06 2.336937e-14
3.860000e+06 1.181169e-14
3.870000e+06 9.728771e-14
3.880000e+06 6.324971e-14
3.890000e+06 2.174368e-13
3.900000e+06 9.068332e-14
3.910000e+06 5.181904e-14
3.920000e+06 8.458696e-14
3.930000e+06 4.927889e-14
3.940000e+06 3.441902e-14
3.950000e+06 9.563661e-14
3.960000e+06 4.584969e-14
3.970000e+06 4.981232e-13
3.980000e+06 8.191981e-14
3.990000e+06 3.975333e-14
4.000000e+06 8.153878e-14
4.010000e+06 7.391834e-14
4.020000e+06 1.305637e-13
4.030000e+06 1.202761e-13
4.040000e+06 7.455337e-14
4.050000e+06 5.207306e-14
4.060000e+06 9.703369e-14
4.070000e+06 7.087016e-14
4.080000e+06 7.518841e-14
4.090000e+06 8.433295e-14
4.100000e+06 8.432025e-13
4.110000e+06 1.046541e-13
4.120000e+06 7.302929e-14
4.130000e+06 7.239425e-15
4.140000e+06 8.420594e-14
4.150000e+06 1.917813e-14
4.160000e+06 5.347014e-14
4.170000e+06 6.845702e-14
4.180000e+06 3.571450e-13
4.190000e+06 4.356356e-14
4.200000e+06 5.169203e-14
4.210000e+06 2.565551e-14
4.220000e+06 6.159861e-14
4.230000e+06 4.800882e-14
4.240000e+06 1.041461e-14
4.250000e+06 5.283510e-14
4.260000e+06 6.411336e-13
4.270000e+06 2.032119e-15
4.280000e+06 1.752703e-14
4.290000e+06 3.391099e-14
4.300000e+06 3.810224e-15
4.310000e+06 8.750813e-14
4.320000e+06 3.949932e-14
4.330000e+06 2.438543e-14
4.340000e+06 3.288223e-13
4.350000e+06 2.667156e-14
4.360000e+06 6.477380e-15
4.370000e+06 4.826283e-14
4.380000e+06 2.514748e-14
4.390000e+06 6.653920e-13
4.400000e+06 3.924530e-14
4.410000e+06 2.133725e-14
4.420000e+06 6.451979e-14
4.430000e+06 2.768762e-14
4.440000e+06 1.587593e-14
4.450000e+06 1.270075e-15
4.460000e+06 3.048179e-15
4.470000e+06 2.932602e-13
4.480000e+06 9.906581e-15
4.490000e+06 2.540149e-16
4.500000e+06 6.172562e-14
4.510000e+06 3.873727e-14
4.520000e+06 3.467303e-14
4.530000e+06 1.104965e-14
4.540000e+06 8.890522e-15
4.550000e+06 5.900766e-13
4.560000e+06 7.112417e-15
4.570000e+06 1.549491e-14
4.580000e+06 4.356356e-14
4.590000e+06 5.080298e-15
4.600000e+06 1.663798e-14
4.610000e+06 5.397817e-14
4.620000e+06 7.112417e-15
4.630000e+06 5.197145e-13
4.640000e+06 4.432560e-14
4.650000e+06 2.044820e-14
4.660000e+06 5.321612e-14
4.670000e+06 2.514748e-14
4.680000e+06 3.792443e-13
4.690000e+06 6.998111e-14
4.700000e+06 2.349638e-14
4.710000e+06 5.435919e-14
4.720000e+06 3.924530e-14
4.730000e+06 6.223365e-15
4.740000e+06 4.191246e-14
4.750000e+06 3.035478e-14
4.760000e+06 1.955915e-13
4.770000e+06 8.077674e-14
4.780000e+06 4.889787e-14
4.790000e+06 1.465666e-13
4.800000e+06 7.341031e-14
4.810000e+06 2.451244e-14
4.820000e+06 5.575627e-14
4.830000e+06 5.918547e-14
4.840000e+06 5.392736e-13
4.850000e+06 6.248767e-14
4.860000e+06 5.728036e-14
4.870000e+06 8.509499e-15
4.880000e+06 6.451979e-14
4.890000e+06 1.981316e-14
4.900000e+06 6.070956e-14
4.910000e+06 8.522200e-14
4.920000e+06 7.934156e-13
4.930000e+06 7.442637e-14
4.940000e+06 7.429936e-14
4.950000e+06 1.955915e-14
4.960000e+06 7.518841e-14
4.970000e+06 1.375491e-13
4.980000e+06 5.804241e-14
4.990000e+06 1.253564e-13
5.000000e+06 1.014790e-13
5.010000e+06 8.242784e-14
5.020000e+06 1.096074e-13
5.030000e+06 6.515482e-14
5.040000e+06 9.652566e-14
5.050000e+06 4.686575e-14
5.060000e+06 8.776215e-14
5.070000e+06 1.196410e-13
5.080000e+06 2.453784e-13
5.090000e+06 8.445996e-14
5.100000e+06 1.181169e-13
5.110000e+06 7.366432e-14
5.120000e+06 9.436654e-14
5.130000e+06 3.100252e-13
5.140000e+06 8.204681e-14
5.150000e+06 1.127826e-13
5.160000e+06 7.188622e-14
5.170000e+06 5.194605e-14
5.180000e+06 1.054162e-13
5.190000e+06 8.585704e-14
5.200000e+06 8.090375e-14
5.210000e+06 8.919733e-13
5.220000e+06 7.302929e-14
5.230000e+06 9.271544e-14
5.240000e+06 8.141178e-14
5.250000e+06 5.994752e-14
5.260000e+06 2.362339e-14
5.270000e+06 1.012249e-13
5.280000e+06 7.036213e-14
5.290000e+06 1.574892e-13
5.300000e+06 7.328330e-14
5.310000e+06 7.912564e-14
5.320000e+06 9.296946e-14
5.330000e+06 4.838984e-14
5.340000e+06 4.343655e-14
5.350000e+06 8.471397e-14
5.360000e+06 3.378398e-14
5.370000e+06 4.069319e-13
5.380000e+06 6.147161e-14
5.390000e+06 4.242049e-14
5.400000e+06 8.903222e-14
5.410000e+06 6.401176e-14
5.420000e+06 1.654907e-13
5.430000e+06 1.126556e-13
5.440000e+06 8.204681e-14
5.450000e+06 5.461320e-15
5.460000e+06 1.116396e-13
5.470000e+06 5.067597e-14
5.480000e+06 1.088454e-13
5.490000e+06 8.344390e-14
5.500000e+06 9.421413e-13
5.510000e+06 9.690669e-14
5.520000e+06 5.423218e-14
5.530000e+06 3.467303e-14
5.540000e+06 1.129096e-13
5.550000e+06 4.254750e-14
5.560000e+06 1.045271e-13
5.570000e+06 1.009709e-13
5.580000e+06 2.998646e-13
5.590000e+06 1.007169e-13
5.600000e+06 9.500157e-14
5.610000e+06 5.575627e-14
5.620000e+06 1.216731e-13
5.630000e+06 1.079563e-14
5.640000e+06 9.881180e-14
5.650000e+06 1.352629e-13
5.660000e+06 4.563378e-13
5.670000e+06 1.112585e-13
5.680000e+06 1.097344e-13
5.690000e+06 7.150520e-14
5.700000e+06 1.209111e-13
5.710000e+06 1.079563e-14
5.720000e+06 8.712711e-14
5.730000e+06 1.360250e-13
5.740000e+06 1.720951e-13
5.750000e+06 8.217382e-14
5.760000e+06 1.094804e-13
5.770000e+06 6.299570e-14
5.780000e+06 1.096074e-13
5.790000e+06 6.745366e-13
5.800000e+06 8.395193e-14
5.810000e+06 1.216731e-13
5.820000e+06 5.689934e-14
5.830000e+06 8.623806e-14
5.840000e+06 1.372951e-13
5.850000e+06 9.474756e-14
5.860000e+06 1.214191e-13
5.870000e+06 2.082922e-13
5.880000e+06 1.080833e-13
5.890000e+06 1.438994e-13
5.900000e+06 8.268185e-14
5.910000e+06 1.018600e-13
5.920000e+06 8.445996e-14
5.930000e+06 1.365330e-13
5.940000e+06 1.182439e-13
5.950000e+06 3.788632e-13
5.960000e+06 1.216731e-13
5.970000e+06 1.531710e-13
5.980000e+06 1.478367e-13
5.990000e+06 1.106235e-13
6.000000e+06 1.184980e-13
6.010000e+06 1.675228e-13
6.020000e+06 1.306907e-13
6.030000e+06 3.285683e-13
6.040000e+06 1.638396e-13
6.050000e+06 1.590133e-13
6.060000e+06 1.903842e-13
6.070000e+06 1.416133e-13
6.080000e+06 3.312354e-13
6.090000e+06 1.927973e-13
6.100000e+06 1.479637e-13
6.110000e+06 9.474756e-14
6.120000e+06 1.673958e-13
6.130000e+06 1.336118e-13
6.140000e+06 1.893681e-13
6.150000e+06 1.413593e-13
6.160000e+06 1.017330e-13
6.170000e+06 1.919083e-13
6.180000e+06 1.405972e-13
6.190000e+06 2.717959e-14
6.200000e+06 1.880980e-13
6.210000e+06 1.035111e-13
6.220000e+06 2.019418e-13
6.230000e+06 1.776834e-13
6.240000e+06 3.709888e-13
6.250000e+06 2.216280e-13
6.260000e+06 1.827637e-13
6.270000e+06 1.811126e-13
6.280000e+06 2.161667e-13
6.290000e+06 1.717141e-13
6.300000e+06 2.104513e-13
6.310000e+06 2.206119e-13
6.320000e+06 6.465949e-13
6.330000e+06 2.065141e-13
6.340000e+06 1.868280e-13
6.350000e+06 1.578703e-13
6.360000e+06 2.250572e-13
6.370000e+06 8.903222e-14
6.380000e+06 1.940674e-13
6.390000e+06 2.283594e-13
6.400000e+06 4.292852e-14
6.410000e+06 2.173098e-13
6.420000e+06 2.322966e-13
6.430000e+06 1.981316e-13
6.440000e+06 2.432193e-13
6.450000e+06 4.521465e-14
6.460000e+06 2.166747e-13
6.470000e+06 2.396631e-13
6.480000e+06 5.524824e-14
6.490000e+06 2.062601e-13
6.500000e+06 2.166747e-13
6.510000e+06 2.090543e-13
6.520000e+06 2.528718e-13
6.530000e+06 1.854309e-13
6.540000e+06 2.231521e-13
6.550000e+06 2.762412e-13
6.560000e+06 2.245492e-13
6.570000e+06 2.625244e-13
6.580000e+06 2.651916e-13
6.590000e+06 2.420762e-13
6.600000e+06 2.510937e-13
6.610000e+06 7.786827e-13
6.620000e+06 2.076572e-13
6.630000e+06 2.416952e-13
6.640000e+06 2.232791e-13
6.650000e+06 2.161667e-13
6.660000e+06 1.379301e-13
6.670000e+06 2.392820e-13
6.680000e+06 2.218820e-13
6.690000e+06 2.883069e-14
6.700000e+06 2.279784e-13
6.710000e+06 2.470295e-13
6.720000e+06 2.710339e-13
6.730000e+06 2.129915e-13
6.740000e+06 1.295476e-13
6.750000e+06 2.561740e-13
6.760000e+06 2.171827e-13
6.770000e+06 1.243403e-13
6.780000e+06 2.314076e-13
6.790000e+06 2.007988e-13
6.800000e+06 2.620164e-13
6.810000e+06 2.080382e-13
6.820000e+06 4.572268e-14
6.830000e+06 2.748441e-13
6.840000e+06 2.237871e-13
6.850000e+06 1.873360e-13
6.860000e+06 2.406791e-13
6.870000e+06 2.018148e-13
6.880000e+06 2.744631e-13
6.890000e+06 2.444893e-13
6.900000e+06 8.637777e-13
6.910000e+06 2.944033e-13
6.920000e+06 2.307725e-13
6.930000e+06 2.268353e-13
6.940000e+06 2.650646e-13
6.950000e+06 1.741272e-13
6.960000e+06 2.623974e-13
6.970000e+06 2.571901e-13
6.980000e+06 1.285315e-13
6.990000e+06 2.695098e-13
7.000000e+06 2.270893e-13
7.010000e+06 1.997827e-13
7.020000e+06 2.316616e-13
7.030000e+06 5.702635e-14
7.040000e+06 2.273433e-13
7.050000e+06 2.409331e-13
7.060000e+06 2.391550e-13
7.070000e+06 2.512207e-13
7.080000e+06 2.364879e-13
7.090000e+06 2.072762e-13
7.100000e+06 2.514748e-13
7.110000e+06 7.137819e-14
7.120000e+06 2.180718e-13
7.130000e+06 2.439813e-13
7.140000e+06 6.350373e-15
7.150000e+06 2.133725e-13
7.160000e+06 2.188338e-13
7.170000e+06 1.912732e-13
7.180000e+06 2.425842e-13
7.190000e+06 6.906665e-13
7.200000e+06 2.091813e-13
7.210000e+06 2.509667e-13
7.220000e+06 1.632046e-13
7.230000e+06 2.010528e-13
7.240000e+06 2.193419e-13
7.250000e+06 1.814936e-13
7.260000e+06 1.966075e-13
7.270000e+06 1.513929e-13
7.280000e+06 1.861929e-13
7.290000e+06 2.472835e-13
7.300000e+06 1.845418e-13
7.310000e+06 2.006718e-13
7.320000e+06 1.604104e-13
7.330000e+06 2.315346e-13
7.340000e+06 2.286134e-13
7.350000e+06 2.021959e-13
7.360000e+06 2.048630e-13
7.370000e+06 2.368689e-13
7.380000e+06 2.399171e-13
7.390000e+06 2.061331e-13
7.400000e+06 1.916542e-13
7.410000e+06 2.307725e-13
7.420000e+06 2.190879e-13
7.430000e+06 1.670148e-13
7.440000e+06 2.240411e-13
7.450000e+06 2.278514e-13
7.460000e+06 2.622704e-13
7.470000e+06 2.194689e-13
7.480000e+06 3.586690e-13
7.490000e+06 2.585872e-13
7.500000e+06 2.259463e-13
7.510000e+06 2.043550e-13
7.520000e+06 2.475375e-13
7.530000e+06 2.419492e-13
7.540000e+06 2.860208e-13
7.550000e+06 2.396631e-13
7.560000e+06 5.677233e-14
7.570000e+06 2.817025e-13
7.580000e+06 2.194689e-13
7.590000e+06 1.804776e-13
7.600000e+06 2.631594e-13
7.610000e+06 1.695549e-13
7.620000e+06 2.824646e-13
7.630000e+06 2.672237e-13
7.640000e+06 2.272163e-13
7.650000e+06 2.997376e-13
7.660000e+06 2.448704e-13
7.670000e+06 2.645565e-13
7.680000e+06 2.804325e-13
7.690000e+06 2.152776e-13
7.700000e+06 2.871638e-13
7.710000e+06 2.716689e-13
7.720000e+06 5.054897e-13
7.730000e+06 2.768762e-13
7.740000e+06 2.228981e-13
7.750000e+06 2.188338e-13
7.760000e+06 2.784003e-13
7.770000e+06 1.428834e-13
7.780000e+06 2.535069e-13
7.790000e+06 2.687478e-13
7.800000e+06 1.016060e-13
7.810000e+06 2.579521e-13
7.820000e+06 2.424572e-13
7.830000e+06 2.121024e-13
7.840000e+06 2.650646e-13
7.850000e+06 2.387740e-14
7.860000e+06 2.317886e-13
7.870000e+06 2.510937e-13
7.880000e+06 2.540149e-15
7.890000e+06 2.221360e-13
7.900000e+06 1.884791e-13
7.910000e+06 1.921623e-13
7.920000e+06 2.329317e-13
7.930000e+06 2.250572e-13
7.940000e+06 1.851769e-13
7.950000e+06 2.462675e-13
7.960000e+06 1.755243e-13
7.970000e+06 1.917813e-13
7.980000e+06 2.035929e-13
7.990000e+06 1.891141e-13
8.000000e+06 2.100703e-13
8.010000e+06 8.509499e-13
8.020000e+06 1.788265e-13
8.030000e+06 2.132455e-13
8.040000e+06 1.861929e-13
8.050000e+06 1.817477e-13
8.060000e+06 4.356356e-14
8.070000e+06 1.845418e-13
8.080000e+06 2.250572e-13
8.090000e+06 1.651097e-14
8.100000e+06 1.618075e-13
8.110000e+06 1.997827e-13
8.120000e+06 1.960995e-13
8.130000e+06 1.430104e-13
8.140000e+06 1.689199e-14
8.150000e+06 1.771754e-13
8.160000e+06 1.605374e-13
8.170000e+06 9.233442e-14
8.180000e+06 1.516469e-13
8.190000e+06 1.577433e-13
8.200000e+06 1.957185e-13
8.210000e+06 1.606644e-13
8.220000e+06 1.392002e-13
8.230000e+06 2.086732e-13
8.240000e+06 1.573622e-13
8.250000e+06 1.422483e-13
8.260000e+06 1.581243e-13
8.270000e+06 1.468206e-13
8.280000e+06 1.908922e-13
8.290000e+06 1.516469e-13
8.300000e+06 1.053908e-12
8.310000e+06 1.894951e-13
8.320000e+06 1.233242e-13
8.330000e+06 1.566002e-13
8.340000e+06 1.672688e-13
8.350000e+06 6.642490e-14
8.360000e+06 2.080382e-13
8.370000e+06 1.671418e-13
8.380000e+06 1.571082e-13
8.390000e+06 1.868280e-13
8.400000e+06 1.536790e-13
8.410000e+06 1.536790e-13
8.420000e+06 1.694279e-13
8.430000e+06 2.895770e-14
8.440000e+06 1.864469e-13
8.450000e+06 1.813666e-13
8.460000e+06 2.037200e-13
8.470000e+06 1.921623e-13
8.480000e+06 1.753973e-13
8.490000e+06 1.727301e-13
8.500000e+06 2.127375e-13
8.510000e+06 2.108324e-14
8.520000e+06 1.799696e-13
8.530000e+06 1.980046e-13
8.540000e+06 3.556209e-14
8.550000e+06 1.701900e-13
8.560000e+06 1.464396e-13
8.570000e+06 1.339929e-13
8.580000e+06 1.736192e-13
8.590000e+06 9.163588e-13
8.600000e+06 1.409783e-13
8.610000e+06 1.784455e-13
8.620000e+06 7.874462e-14
8.630000e+06 1.496148e-13
8.640000e+06 1.445345e-13
8.650000e+06 1.341199e-13
8.660000e+06 1.708250e-13
8.670000e+06 2.369959e-13
8.680000e+06 1.386921e-13
8.690000e+06 1.878440e-13
8.700000e+06 1.204031e-13
8.710000e+06 1.404702e-13
8.720000e+06 5.308912e-14
8.730000e+06 1.445345e-13
8.740000e+06 1.806046e-13
8.750000e+06 1.800966e-13
8.760000e+06 1.477097e-13
8.770000e+06 1.888601e-13
8.780000e+06 1.640936e-13
8.790000e+06 1.325958e-13
8.800000e+06 9.525559e-14
8.810000e+06 1.550761e-13
8.820000e+06 1.480907e-13
8.830000e+06 1.670148e-13
8.840000e+06 1.115125e-13
8.850000e+06 1.397082e-13
8.860000e+06 1.470746e-13
8.870000e+06 1.145607e-13
8.880000e+06 6.227175e-13
8.890000e+06 1.224352e-13
8.900000e+06 9.550960e-14
8.910000e+06 9.830377e-14
8.920000e+06 9.665267e-14
8.930000e+06 1.065593e-13
8.940000e+06 1.197680e-13
8.950000e+06 8.153878e-14
8.960000e+06 2.458864e-13
8.970000e+06 1.181169e-13
8.980000e+06 8.077674e-14
8.990000e+06 7.645849e-14
9.000000e+06 9.931983e-14
9.010000e+06 1.841608e-14
9.020000e+06 1.327228e-13
9.030000e+06 9.792275e-14
9.040000e+06 2.806865e-13
9.050000e+06 1.423754e-13
9.060000e+06 1.038921e-13
9.070000e+06 1.333578e-13
9.080000e+06 1.296746e-13
9.090000e+06 4.521465e-14
9.100000e+06 1.513929e-13
9.110000e+06 1.172279e-13
9.120000e+06 5.156503e-13
9.130000e+06 1.506308e-13
9.140000e+06 1.010979e-13
9.150000e+06 1.296746e-13
9.160000e+06 1.635856e-13
9.170000e+06 3.567639e-13
9.180000e+06 1.544411e-13
9.190000e+06 1.475827e-13
9.200000e+06 1.625695e-14
9.210000e+06 1.560922e-13
9.220000e+06 1.118936e-13
9.230000e+06 1.052892e-13
9.240000e+06 1.380571e-13
9.250000e+06 1.731112e-13
9.260000e+06 1.198950e-13
9.270000e+06 1.461856e-13
9.280000e+06 2.527448e-14
9.290000e+06 1.390732e-13
9.300000e+06 8.649208e-14
9.310000e+06 1.016060e-13
9.320000e+06 1.567272e-13
9.330000e+06 3.022777e-13
9.340000e+06 1.231972e-13
9.350000e+06 1.545681e-13
9.360000e+06 1.018600e-13
9.370000e+06 1.226892e-13
9.380000e+06 1.177359e-13
9.390000e+06 9.474756e-14
9.400000e+06 1.529170e-13
9.410000e+06 8.658098e-13
9.420000e+06 1.084644e-13
9.430000e+06 1.328498e-13
9.440000e+06 1.050352e-13
9.450000e+06 1.099885e-13
9.460000e+06 1.050352e-13
9.470000e+06 1.131636e-13
9.480000e+06 1.450425e-13
9.490000e+06 3.937231e-15
9.500000e+06 1.017330e-13
9.510000e+06 1.502498e-13
9.520000e+06 1.333578e-13
9.530000e+06 9.500157e-14
9.540000e+06 8.522200e-14
9.550000e+06 1.253564e-13
9.560000e+06 1.104965e-13
9.570000e+06 5.296211e-14
9.580000e+06 8.115776e-14
9.590000e+06 1.251023e-13
9.600000e+06 1.313257e-13
9.610000e+06 9.030230e-14
9.620000e+06 2.281054e-13
9.630000e+06 1.132906e-13
9.640000e+06 9.576362e-14
9.650000e+06 1.028760e-13
9.660000e+06 8.179280e-14
9.670000e+06 8.014170e-14
9.680000e+06 1.247213e-13
9.690000e+06 6.464679e-14
9.700000e+06 1.163769e-12
9.710000e+06 8.344390e-14
9.720000e+06 4.445261e-14
9.730000e+06 7.226724e-14
9.740000e+06 7.239425e-14
9.750000e+06 6.451979e-14
9.760000e+06 1.120206e-13
9.770000e+06 5.918547e-14
9.780000e+06 1.783185e-13
9.790000e+06 9.881180e-14
9.800000e+06 5.169203e-14
9.810000e+06 8.611105e-14
9.820000e+06 9.487457e-14
9.830000e+06 1.549491e-13
9.840000e+06 1.280235e-13
9.850000e+06 1.080833e-13
9.860000e+06 1.431374e-13
9.870000e+06 1.310717e-13
9.880000e+06 7.379133e-14
9.890000e+06 1.037651e-13
9.900000e+06 1.210381e-13
9.910000e+06 1.658717e-13
9.920000e+06 1.129096e-13
9.930000e+06 1.155768e-13
9.940000e+06 3.835625e-14
9.950000e+06 1.084644e-13
9.960000e+06 5.804241e-14
9.970000e+06 5.651832e-14
9.980000e+06 1.188790e-13
9.990000e+06 1.141035e-12
1.000000e+07 9.843078e-14
1.001000e+07 1.116396e-13
1.002000e+07 5.397817e-14
1.003000e+07 1.093534e-13
1.004000e+07 6.286869e-14
1.005000e+07 4.267450e-14
1.006000e+07 1.140527e-13
1.007000e+07 3.067230e-13
1.008000e+07 5.905847e-14
1.009000e+07 9.436654e-14
1.010000e+07 2.971974e-14
1.011000e+07 5.461320e-14
1.012000e+07 1.130366e-13
1.013000e+07 4.445261e-14
1.014000e+07 8.585704e-14
1.015000e+07 1.854309e-13
1.016000e+07 3.861027e-14
1.017000e+07 8.255484e-14
1.018000e+07 4.318253e-14
1.019000e+07 4.127742e-14
1.020000e+07 6.451979e-14
1.021000e+07 2.019418e-14
1.022000e+07 3.619712e-14
1.023000e+07 1.988937e-13
1.024000e+07 8.636507e-15
1.025000e+07 3.543508e-14
1.026000e+07 2.921171e-14
1.027000e+07 7.112417e-15
1.028000e+07 8.688580e-13
1.029000e+07 1.511389e-14
1.030000e+07 4.280151e-14
1.031000e+07 4.051538e-14
1.032000e+07 3.607012e-14
1.033000e+07 4.572268e-14
1.034000e+07 6.705993e-14
1.035000e+07 3.225989e-14
1.036000e+07 3.458413e-13
1.037000e+07 4.115041e-14
1.038000e+07 3.594311e-14
1.039000e+07 3.124383e-14
1.040000e+07 1.994017e-14
1.041000e+07 1.092264e-13
1.042000e+07 8.077674e-14
1.043000e+07 2.819565e-14
1.044000e+07 2.452514e-13
1.045000e+07 6.210664e-14
1.046000e+07 3.670515e-14
1.047000e+07 6.578986e-14
1.048000e+07 4.750079e-14
1.049000e+07 2.933872e-14
1.050000e+07 8.191981e-14
1.051000e+07 4.800882e-14
1.052000e+07 4.065509e-13
1.053000e+07 7.455337e-14
1.054000e+07 2.692558e-14
1.055000e+07 7.836360e-14
1.056000e+07 8.839719e-14
1.057000e+07 5.440999e-13
1.058000e+07 1.041461e-13
1.059000e+07 8.242784e-14
1.060000e+07 6.223365e-15
1.061000e+07 1.075753e-13
1.062000e+07 6.350373e-14
1.063000e+07 7.391834e-14
1.064000e+07 9.500157e-14
1.065000e+07 3.262821e-13
1.066000e+07 9.385851e-14
1.067000e+07 8.496799e-14
1.068000e+07 1.841608e-14
1.069000e+07 8.357090e-14
1.070000e+07 9.144537e-15
1.071000e+07 6.655191e-14
1.072000e+07 1.099885e-13
1.073000e+07 3.161215e-13
1.074000e+07 7.010811e-14
1.075000e+07 1.010979e-13
1.076000e+07 3.568909e-14
1.077000e+07 7.899864e-14
1.078000e+07 4.813582e-14
1.079000e+07 5.092999e-14
1.080000e+07 1.046541e-13
1.081000e+07 7.417235e-13
1.082000e+07 5.410517e-14
1.083000e+07 8.598405e-14
1.084000e+07 4.965991e-14
1.085000e+07 8.014170e-14
1.086000e+07 2.629054e-13
1.087000e+07 7.226724e-14
1.088000e+07 8.573003e-14
1.089000e+07 2.743361e-14
1.090000e+07 4.864385e-14
1.091000e+07 9.627165e-14
1.092000e+07 5.156503e-14
1.093000e+07 3.721318e-14
1.094000e+07 2.753522e-13
1.095000e+07 3.568909e-14
1.096000e+07 6.147161e-14
1.097000e+07 4.330954e-14
1.098000e+07 3.238690e-14
1.099000e+07 2.552850e-14
1.100000e+07 6.528183e-14
1.101000e+07 4.902488e-14
1.102000e+07 2.757332e-13
1.103000e+07 4.673874e-14
1.104000e+07 4.508765e-14
1.105000e+07 5.461320e-14
1.106000e+07 1.409783e-14
1.107000e+07 3.149785e-14
1.108000e+07 6.883804e-14
1.109000e+07 2.248032e-14
1.110000e+07 1.077277e-12
1.111000e+07 6.782198e-14
1.112000e+07 5.486722e-14
1.113000e+07 9.246143e-14
1.114000e+07 6.833001e-14
1.115000e+07 9.233442e-14
1.116000e+07 1.172279e-13
1.117000e+07 5.512123e-14
1.118000e+07 1.019870e-13
1.119000e+07 9.157237e-14
1.120000e+07 6.121759e-14
1.121000e+07 9.144537e-14
1.122000e+07 4.597670e-14
1.123000e+07 3.153595e-13
1.124000e+07 8.992128e-14
1.125000e+07 5.410517e-14
1.126000e+07 6.960008e-14
1.127000e+07 9.106434e-14
1.128000e+07 1.130366e-14
1.129000e+07 6.972709e-14
1.130000e+07 7.264826e-14
1.131000e+07 2.481726e-13
1.132000e+07 8.725412e-14
1.133000e+07 4.457962e-14
1.134000e+07 4.229348e-14
1.135000e+07 4.775480e-14
1.136000e+07 2.159127e-15
1.137000e+07 2.438543e-14
1.138000e+07 4.940590e-14
1.139000e+07 1.268423e-12
1.140000e+07 4.432560e-14
1.141000e+07 3.327595e-14
1.142000e+07 6.858402e-15
1.143000e+07 4.648473e-14
1.144000e+07 4.800882e-14
1.145000e+07 2.019418e-14
1.146000e+07 7.468038e-14
1.147000e+07 2.989755e-13
1.148000e+07 4.673874e-14
1.149000e+07 5.918547e-14
1.150000e+07 5.334313e-15
1.151000e+07 3.594311e-14
1.152000e+07 2.914821e-13
1.153000e+07 1.498688e-14
1.154000e+07 5.016794e-14
1.155000e+07 1.345009e-13
1.156000e+07 5.080298e-16
1.157000e+07 5.067597e-14
1.158000e+07 5.080298e-15
1.159000e+07 3.848326e-14
1.160000e+07 1.562192e-13
1.161000e+07 1.168469e-14
1.162000e+07 4.419859e-14
1.163000e+07 1.277695e-13
1.164000e+07 1.117666e-14
1.165000e+07 3.378398e-14
1.166000e+07 2.667156e-14
1.167000e+07 2.451244e-14
1.168000e+07 9.721150e-13
1.169000e+07 2.540149e-14
1.170000e+07 6.680592e-14
1.171000e+07 4.572268e-14
1.172000e+07 3.861027e-14
1.173000e+07 5.169203e-14
1.174000e+07 6.185263e-14
1.175000e+07 4.330954e-14
1.176000e+07 3.699727e-13
1.177000e+07 5.245408e-14
1.178000e+07 4.978692e-14
1.179000e+07 5.029495e-14
1.180000e+07 9.652566e-15
1.181000e+07 1.618075e-13
1.182000e+07 7.290228e-14
1.183000e+07 3.772121e-14
1.184000e+07 1.320878e-13
1.185000e+07 6.553585e-14
1.186000e+07 4.457962e-14
1.187000e+07 9.792275e-14
1.188000e+07 4.915188e-14
1.189000e+07 6.007452e-14
1.190000e+07 9.411252e-14
1.191000e+07 4.483363e-14
1.192000e+07 2.292485e-13
1.193000e+07 6.223365e-14
1.194000e+07 1.130366e-14
1.195000e+07 7.163220e-14
1.196000e+07 5.118400e-14
1.197000e+07 6.993030e-13
1.198000e+07 7.937966e-14
1.199000e+07 2.629054e-14
1.200000e+07 7.112417e-15
1.201000e+07 7.798258e-14
1.202000e+07 2.349638e-14
1.203000e+07 6.375774e-14
1.204000e+07 6.223365e-14
1.205000e+07 4.880896e-13
1.206000e+07 8.230083e-14
1.207000e+07 5.499423e-14
1.208000e+07 7.747455e-15
1.209000e+07 6.134460e-14
1.210000e+07 8.890522e-14
1.211000e+07 5.359714e-14
1.212000e+07 7.798258e-14
1.213000e+07 2.395361e-13
1.214000e+07 8.420594e-14
1.215000e+07 8.585704e-14
1.216000e+07 3.937231e-14
1.217000e+07 9.639866e-14
1.218000e+07 3.810224e-15
1.219000e+07 4.864385e-14
1.220000e+07 6.502782e-14
1.221000e+07 5.317802e-13
1.222000e+07 3.149785e-14
1.223000e+07 4.737378e-14
1.224000e+07 1.625695e-14
1.225000e+07 6.655191e-14
1.226000e+07 3.896589e-13
1.227000e+07 4.229348e-14
1.228000e+07 8.052272e-14
1.229000e+07 1.460586e-14
1.230000e+07 5.143802e-14
1.231000e+07 8.090375e-14
1.232000e+07 4.597670e-14
1.233000e+07 4.991393e-14
1.234000e+07 4.972342e-13
1.235000e+07 2.883069e-14
1.236000e+07 5.994752e-14
1.237000e+07 1.270075e-16
1.238000e+07 2.997376e-14
1.239000e+07 9.144537e-15
1.240000e+07 5.321612e-14
1.241000e+07 4.432560e-14
1.242000e+07 2.557930e-13
1.243000e+07 3.492705e-14
1.244000e+07 4.788181e-14
1.245000e+07 5.080298e-14
1.246000e+07 1.740002e-14
1.247000e+07 4.064238e-14
1.248000e+07 5.258109e-14
1.249000e+07 3.594311e-14
1.250000e+07 8.297397e-13
1.251000e+07 3.251391e-14
1.252000e+07 9.525559e-15
1.253000e+07 7.582345e-14
1.254000e+07 3.975333e-14
1.255000e+07 1.911462e-13
1.256000e+07 8.204681e-14
1.257000e+07 3.695917e-14
1.258000e+07 5.588328e-14
1.259000e+07 5.220006e-14
1.260000e+07 2.095623e-14
1.261000e+07 7.188622e-14
1.262000e+07 2.641755e-14
1.263000e+07 6.065876e-13
1.264000e+07 5.131101e-14
1.265000e+07 3.175186e-15
1.266000e+07 3.175186e-15
1.267000e+07 5.905847e-14
1.268000e+07 1.917813e-14
1.269000e+07 8.255484e-14
1.270000e+07 7.010811e-14
1.271000e+07 2.842427e-13
1.272000e+07 8.801616e-14
1.273000e+07 2.235331e-14
1.274000e+07 1.905112e-14
1.275000e+07 4.623071e-14
1.276000e+07 2.311536e-14
1.277000e+07 5.054897e-14
1.278000e+07 4.762779e-14
1.279000e+07 1.093407e-12
1.280000e+07 4.229348e-14
1.281000e+07 2.641755e-14
1.282000e+07 1.574892e-14
1.283000e+07 6.642490e-14
1.284000e+07 1.005899e-13
1.285000e+07 3.873727e-14
1.286000e+07 5.499423e-14
1.287000e+07 2.443623e-13
1.288000e+07 5.207306e-14
1.289000e+07 4.788181e-14
1.290000e+07 7.747455e-15
1.291000e+07 4.330954e-14
1.292000e+07 5.484182e-13
1.293000e+07 1.930513e-14
1.294000e+07 5.740737e-14
1.295000e+07 6.845702e-14
1.296000e+07 3.124383e-14
1.297000e+07 5.004094e-14
1.298000e+07 3.098982e-14
1.299000e+07 6.172562e-14
1.300000e+07 2.353448e-13
1.301000e+07 2.832266e-14
1.302000e+07 8.560302e-14
1.303000e+07 5.080298e-14
1.304000e+07 3.238690e-14
1.305000e+07 5.550226e-14
1.306000e+07 3.518106e-14
1.307000e+07 4.635772e-14
1.308000e+07 9.159777e-13
1.309000e+07 3.225989e-14
1.310000e+07 6.934607e-14
1.311000e+07 5.016794e-14
1.312000e+07 4.470662e-14
1.313000e+07 4.546867e-14
1.314000e+07 6.248767e-14
1.315000e+07 5.715335e-14
1.316000e+07 3.641304e-13
1.317000e+07 5.016794e-14
1.318000e+07 6.794899e-14
1.319000e+07 7.188622e-14
1.320000e+07 3.060880e-14
1.321000e+07 2.784003e-13
1.322000e+07 8.560302e-14
1.323000e+07 6.337672e-14
1.324000e+07 2.540149e-15
1.325000e+07 8.204681e-14
1.326000e+07 7.315629e-14
1.327000e+07 1.110045e-13
1.328000e+07 6.629789e-14
1.329000e+07 1.101155e-13
1.330000e+07 1.134177e-13
1.331000e+07 5.956650e-14
1.332000e+07 6.693293e-14
1.333000e+07 5.308912e-14
1.334000e+07 2.870368e-14
1.335000e+07 9.982786e-14
1.336000e+07 6.439278e-14
1.337000e+07 6.844432e-13
1.338000e+07 7.836360e-14
1.339000e+07 2.235331e-14
1.340000e+07 3.340296e-14
1.341000e+07 6.312270e-14
1.342000e+07 1.384381e-14
1.343000e+07 8.471397e-14
1.344000e+07 6.477380e-14
1.345000e+07 5.811861e-13
1.346000e+07 8.598405e-14
1.347000e+07 5.258109e-14
1.348000e+07 3.162486e-14
1.349000e+07 6.718694e-14
1.350000e+07 1.794615e-13
1.351000e+07 7.988769e-14
1.352000e+07 7.518841e-14
1.353000e+07 1.327228e-13
1.354000e+07 9.957384e-14
1.355000e+07 7.391834e-14
1.356000e+07 5.855044e-14
1.357000e+07 1.190060e-13
1.358000e+07 4.483363e-14
1.359000e+07 8.509499e-14
1.360000e+07 1.132906e-13
1.361000e+07 2.590952e-13
1.362000e+07 9.309646e-14
1.363000e+07 7.366432e-14
1.364000e+07 6.642490e-14
1.365000e+07 1.042731e-13
1.366000e+07 4.318253e-13
1.367000e+07 7.468038e-14
1.368000e+07 1.238323e-13
1.369000e+07 3.175186e-14
1.370000e+07 9.360449e-14
1.371000e+07 1.013519e-13
1.372000e+07 6.998111e-14
1.373000e+07 1.074483e-13
1.374000e+07 7.302929e-13
1.375000e+07 8.026871e-14
1.376000e+07 1.304367e-13
1.377000e+07 7.379133e-14
1.378000e+07 7.544243e-14
1.379000e+07 1.168469e-14
1.380000e+07 7.760155e-14
1.381000e+07 1.118936e-13
1.382000e+07 1.522819e-13
1.383000e+07 9.144537e-14
1.384000e+07 1.298016e-13
1.385000e+07 1.204031e-13
1.386000e+07 9.766873e-14
1.387000e+07 7.760155e-14
1.388000e+07 9.423953e-14
1.389000e+07 7.887163e-14
1.390000e+07 4.437640e-13
1.391000e+07 5.626430e-14
1.392000e+07 7.950667e-14
1.393000e+07 9.906581e-14
1.394000e+07 6.693293e-14
1.395000e+07 2.152776e-13
1.396000e+07 1.103695e-13
1.397000e+07 8.191981e-14
1.398000e+07 5.308912e-14
1.399000e+07 8.712711e-14
1.400000e+07 8.738113e-14
1.401000e+07 1.150688e-13
1.402000e+07 6.960008e-14
1.403000e+07 9.382041e-13
1.404000e+07 1.022410e-13
1.405000e+07 6.820300e-14
1.406000e+07 7.429936e-14
1.407000e+07 9.639866e-14
1.408000e+07 3.022777e-14
1.409000e+07 1.473286e-13
1.410000e+07 1.068133e-13
1.411000e+07 2.063871e-13
1.412000e+07 1.304367e-13
1.413000e+07 1.040191e-13
1.414000e+07 9.627165e-14
1.415000e+07 1.224352e-13
1.416000e+07 3.429201e-14
1.417000e+07 1.295476e-13
1.418000e+07 1.030030e-13
1.419000e+07 6.391015e-13
1.420000e+07 1.257374e-13
1.421000e+07 8.827018e-14
1.422000e+07 9.944684e-14
1.423000e+07 1.327228e-13
1.424000e+07 7.302929e-14
1.425000e+07 1.319607e-13
1.426000e+07 1.480907e-13
1.427000e+07 8.903222e-14
1.428000e+07 1.478367e-13
1.429000e+07 1.023680e-13
1.430000e+07 9.157237e-14
1.431000e+07 1.237053e-13
1.432000e+07 8.461236e-13
1.433000e+07 1.018600e-13
1.434000e+07 1.442805e-13
1.435000e+07 5.601029e-14
1.436000e+07 1.216731e-13
1.437000e+07 8.801616e-14
1.438000e+07 8.230083e-14
1.439000e+07 1.184980e-13
1.440000e+07 2.472835e-13
1.441000e+07 8.877821e-14
1.442000e+07 1.275155e-13
1.443000e+07 2.095623e-14
1.444000e+07 8.293587e-14
1.445000e+07 6.794899e-14
1.446000e+07 6.261467e-14
1.447000e+07 1.089724e-13
1.448000e+07 5.764868e-13
1.449000e+07 7.595046e-14
1.450000e+07 1.162118e-13
1.451000e+07 8.496799e-14
1.452000e+07 8.141178e-14
1.453000e+07 4.546867e-14
1.454000e+07 7.353731e-14
1.455000e+07 8.877821e-14
1.456000e+07 2.669697e-13
1.457000e+07 6.807599e-14
1.458000e+07 1.118936e-13
1.459000e+07 6.363073e-14
1.460000e+07 4.788181e-14
1.461000e+07 5.348284e-13
1.462000e+07 8.179280e-14
1.463000e+07 8.255484e-14
1.464000e+07 5.562926e-14
1.465000e+07 6.833001e-14
1.466000e+07 9.271544e-14
1.467000e+07 1.016060e-13
1.468000e+07 7.645849e-14
1.469000e+07 1.773024e-13
1.470000e+07 1.087184e-13
1.471000e+07 8.191981e-14
1.472000e+07 3.124383e-14
1.473000e+07 7.683951e-14
1.474000e+07 4.419859e-14
1.475000e+07 1.285315e-13
1.476000e+07 9.690669e-14
1.477000e+07 4.377947e-13
1.478000e+07 1.286585e-13
1.479000e+07 9.881180e-14
1.480000e+07 1.268804e-13
1.481000e+07 1.285315e-13
1.482000e+07 6.236066e-14
1.483000e+07 1.483447e-13
1.484000e+07 1.149417e-13
1.485000e+07 5.153962e-13
1.486000e+07 1.446615e-13
1.487000e+07 9.754172e-14
1.488000e+07 9.919282e-14
1.489000e+07 1.065593e-13
1.490000e+07 2.869098e-13
1.491000e+07 1.084644e-13
1.492000e+07 1.023680e-13
1.493000e+07 3.619712e-14
1.494000e+07 1.195140e-13
1.495000e+07 7.645849e-14
1.496000e+07 9.754172e-14
1.497000e+07 1.120206e-13
1.498000e+07 1.209111e-13
1.499000e+07 8.890522e-14
1.500000e+07 1.075753e-13
1.501000e+07 1.131636e-13
1.502000e+07 9.893881e-14
1.503000e+07 5.321612e-14
1.504000e+07 8.445996e-14
1.505000e+07 1.136717e-13
1.506000e+07 4.169655e-13
1.507000e+07 7.442637e-14
1.508000e+07 1.031301e-13
1.509000e+07 4.127742e-14
1.510000e+07 9.030230e-14
1.511000e+07 7.188622e-14
1.512000e+07 6.464679e-14
1.513000e+07 1.041461e-13
1.514000e+07 8.730492e-13
1.515000e+07 5.639131e-14
1.516000e+07 9.284245e-14
1.517000e+07 3.772121e-14
1.518000e+07 4.851685e-14
1.519000e+07 1.218001e-13
1.520000e+07 4.648473e-14
1.521000e+07 8.687310e-14
1.522000e+07 1.014790e-13
1.523000e+07 4.432560e-14
1.524000e+07 9.538260e-14
1.525000e+07 5.639131e-14
1.526000e+07 5.397817e-14
1.527000e+07 4.927889e-14
1.528000e+07 4.026136e-14
1.529000e+07 5.423218e-14
1.530000e+07 2.218820e-13
1.531000e+07 1.016060e-15
1.532000e+07 5.232707e-14
1.533000e+07 7.391834e-14
1.534000e+07 5.537525e-14
1.535000e+07 2.833536e-13
1.536000e+07 7.595046e-14
1.537000e+07 8.280886e-14
1.538000e+07 6.807599e-14
1.539000e+07 7.264826e-14
1.540000e+07 8.801616e-14
1.541000e+07 1.075753e-13
1.542000e+07 5.194605e-14
1.543000e+07 1.154879e-12
1.544000e+07 7.645849e-14
1.545000e+07 6.070956e-14
1.546000e+07 9.322347e-14
1.547000e+07 7.036213e-14
1.548000e+07 3.543508e-14
1.549000e+07 1.190060e-13
1.550000e+07 5.702635e-14
1.551000e+07 1.732382e-13
1.552000e+07 1.005899e-13
1.553000e+07 5.448620e-14
1.554000e+07 6.756796e-14
1.555000e+07 5.550226e-14
1.556000e+07 6.375774e-14
1.557000e+07 6.197964e-14
1.558000e+07 4.826283e-14
1.559000e+07 3.337756e-13
1.560000e+07 5.943949e-14
1.561000e+07 1.828907e-14
1.562000e+07 6.591687e-14
1.563000e+07 4.762779e-14
1.564000e+07 1.847958e-13
1.565000e+07 8.814317e-14
1.566000e+07 7.023512e-14
1.567000e+07 6.883804e-14
1.568000e+07 1.022410e-13
1.569000e+07 4.978692e-14
1.570000e+07 4.750079e-14
1.571000e+07 7.582345e-14
1.572000e+07 1.246324e-12
1.573000e+07 6.921906e-14
1.574000e+07 6.642490e-14
1.575000e+07 2.806865e-14
1.576000e+07 6.833001e-14
1.577000e+07 5.334313e-15
1.578000e+07 4.457962e-14
1.579000e+07 8.700010e-14
1.580000e+07 2.955463e-13
1.581000e+07 8.242784e-14
1.582000e+07 1.088454e-13
1.583000e+07 3.543508e-14
1.584000e+07 9.423953e-14
1.585000e+07 4.191246e-15
1.586000e+07 8.179280e-14
1.587000e+07 1.214191e-13
1.588000e+07 2.658266e-13
1.589000e+07 8.915923e-14
1.590000e+07 1.273885e-13
1.591000e+07 8.865120e-14
1.592000e+07 1.104965e-13
1.593000e+07 1.282775e-14
1.594000e+07 8.128477e-14
1.595000e+07 1.215461e-13
1.596000e+07 1.626965e-13
1.597000e+07 8.484098e-14
1.598000e+07 1.240863e-13
1.599000e+07 7.531542e-14
1.600000e+07 8.255484e-14
1.601000e+07 8.477747e-13
1.602000e+07 7.595046e-14
1.603000e+07 1.120206e-13
1.604000e+07 8.827018e-14
1.605000e+07 6.718694e-14
1.606000e+07 9.906581e-14
1.607000e+07 1.169739e-13
1.608000e+07 8.445996e-14
1.609000e+07 2.376309e-13
1.610000e+07 8.496799e-14
1.611000e+07 8.865120e-14
1.612000e+07 4.750079e-14
1.613000e+07 5.423218e-14
1.614000e+07 1.879710e-14
1.615000e+07 8.827018e-14
1.616000e+07 5.461320e-14
1.617000e+07 2.433463e-13
1.618000e+07 8.357090e-14
1.619000e+07 5.385116e-14
1.620000e+07 9.931983e-14
1.621000e+07 6.591687e-14
1.622000e+07 1.384381e-14
1.623000e+07 1.070673e-13
1.624000e+07 6.426577e-14
1.625000e+07 4.080749e-13
1.626000e+07 8.357090e-14
1.627000e+07 4.165844e-14
1.628000e+07 9.208040e-14
1.629000e+07 6.337672e-14
1.630000e+07 5.399087e-13
1.631000e+07 1.054162e-13
1.632000e+07 8.230083e-14
1.633000e+07 3.073580e-14
1.634000e+07 1.141797e-13
1.635000e+07 6.794899e-14
1.636000e+07 1.074483e-13
1.637000e+07 1.153228e-13
1.638000e+07 2.416952e-13
1.639000e+07 1.176089e-13
1.640000e+07 9.639866e-14
1.641000e+07 3.695917e-14
1.642000e+07 8.001469e-14
1.643000e+07 3.048179e-15
1.644000e+07 7.099717e-14
1.645000e+07 1.046541e-13
1.646000e+07 3.326325e-13
1.647000e+07 9.982786e-14
1.648000e+07 1.010979e-13
1.649000e+07 6.858402e-14
1.650000e+07 1.090994e-13
1.651000e+07 4.330954e-14
1.652000e+07 7.887163e-14
1.653000e+07 1.118936e-13
1.654000e+07 7.247045e-13
1.655000e+07 6.159861e-14
1.656000e+07 8.420594e-14
1.657000e+07 3.861027e-14
1.658000e+07 7.455337e-14
1.659000e+07 2.566821e-13
1.660000e+07 6.439278e-14
1.661000e+07 1.018600e-13
1.662000e+07 3.264092e-14
1.663000e+07 6.375774e-14
1.664000e+07 1.002089e-13
1.665000e+07 5.207306e-14
1.666000e+07 8.458696e-14
1.667000e+07 1.458046e-13
1.668000e+07 7.544243e-14
1.669000e+07 1.238323e-13
1.670000e+07 4.927889e-14
1.671000e+07 7.214023e-14
1.672000e+07 8.357090e-14
1.673000e+07 9.385851e-14
1.674000e+07 7.722053e-14
1.675000e+07 2.714149e-13
1.676000e+07 7.823659e-14
1.677000e+07 1.060512e-13
1.678000e+07 8.623806e-14
1.679000e+07 8.395193e-14
1.680000e+07 9.423953e-14
1.681000e+07 1.218001e-13
1.682000e+07 9.347748e-14
1.683000e+07 9.976435e-13
1.684000e+07 1.143067e-13
1.685000e+07 1.131636e-13
1.686000e+07 1.591403e-13
1.687000e+07 1.090994e-13
1.688000e+07 3.124383e-14
1.689000e+07 1.648557e-13
1.690000e+07 1.209111e-13
1.691000e+07 3.454603e-14
1.692000e+07 1.505038e-13
1.693000e+07 1.214191e-13
1.694000e+07 1.747623e-13
1.695000e+07 1.314527e-13
1.696000e+07 1.019870e-13
1.697000e+07 1.719681e-13
1.698000e+07 1.216731e-13
1.699000e+07 4.457962e-14
1.700000e+07 1.416133e-13
1.701000e+07 1.107505e-13
1.702000e+07 1.747623e-13
1.703000e+07 1.590133e-13
1.704000e+07 1.605374e-13
1.705000e+07 2.034659e-13
1.706000e+07 1.508849e-13
1.707000e+07 9.106434e-14
1.708000e+07 1.880980e-13
1.709000e+07 1.475827e-13
1.710000e+07 1.850499e-13
1.711000e+07 1.915272e-13
1.712000e+07 1.208730e-12
1.713000e+07 2.058791e-13
1.714000e+07 1.454235e-13
1.715000e+07 1.507578e-13
1.716000e+07 1.889871e-13
1.717000e+07 9.055631e-14
1.718000e+07 1.806046e-13
1.719000e+07 2.080382e-13
1.720000e+07 1.351359e-13
1.721000e+07 1.839068e-13
1.722000e+07 1.826367e-13
1.723000e+07 1.280235e-13
1.724000e+07 1.929243e-13
1.725000e+07 5.689934e-14
1.726000e+07 1.681579e-13
1.727000e+07 2.075302e-13
1.728000e+07 8.382492e-15
1.729000e+07 1.756513e-13
1.730000e+07 2.034659e-13
1.731000e+07 1.666338e-13
1.732000e+07 1.982586e-13
1.733000e+07 8.890522e-15
1.734000e+07 1.714601e-13
1.735000e+07 2.121024e-13
1.736000e+07 7.112417e-15
1.737000e+07 1.718411e-13
1.738000e+07 1.929243e-13
1.739000e+07 1.703170e-13
1.740000e+07 1.874630e-13
1.741000e+07 9.916742e-13
1.742000e+07 1.706980e-13
1.743000e+07 2.134995e-13
1.744000e+07 1.900031e-13
1.745000e+07 1.807316e-13
1.746000e+07 1.905112e-13
1.747000e+07 2.094353e-13
1.748000e+07 2.103243e-13
1.749000e+07 1.529170e-13
1.750000e+07 2.027039e-13
1.751000e+07 2.058791e-13
1.752000e+07 1.896221e-13
1.753000e+07 1.684119e-13
1.754000e+07 3.797523e-14
1.755000e+07 2.174368e-13
1.756000e+07 1.927973e-13
1.757000e+07 2.971974e-14
1.758000e+07 2.007988e-13
1.759000e+07 1.887331e-13
1.760000e+07 2.415682e-13
1.761000e+07 1.762863e-13
1.762000e+07 5.994752e-14
1.763000e+07 2.065141e-13
1.764000e+07 1.606644e-13
1.765000e+07 1.602834e-13
1.766000e+07 1.510119e-13
1.767000e+07 1.215461e-13
1.768000e+07 1.656177e-13
1.769000e+07 1.456775e-13
1.770000e+07 7.042563e-13
1.771000e+07 1.853039e-13
1.772000e+07 1.337388e-13
1.773000e+07 1.402162e-13
1.774000e+07 1.687929e-13
1.775000e+07 1.306907e-13
1.776000e+07 1.794615e-13
1.777000e+07 1.800966e-13
1.778000e+07 2.731930e-13
1.779000e+07 2.043550e-13
1.780000e+07 1.587593e-13
1.781000e+07 9.119135e-14
1.782000e+07 1.726031e-13
1.783000e+07 3.657815e-14
1.784000e+07 1.577433e-13
1.785000e+07 1.621885e-13
1.786000e+07 1.482177e-13
1.787000e+07 1.672688e-13
1.788000e+07 1.638396e-13
1.789000e+07 1.472016e-13
1.790000e+07 1.861929e-13
1.791000e+07 5.524824e-14
1.792000e+07 1.618075e-13
1.793000e+07 1.762863e-13
1.794000e+07 4.539246e-13
1.795000e+07 1.539330e-13
1.796000e+07 1.590133e-13
1.797000e+07 1.228162e-13
1.798000e+07 1.714601e-13
1.799000e+07 3.458413e-13
1.800000e+07 1.402162e-13
1.801000e+07 1.832718e-13
1.802000e+07 7.277527e-14
1.803000e+07 1.487257e-13
1.804000e+07 1.606644e-13
1.805000e+07 1.331038e-13
1.806000e+07 1.572352e-13
1.807000e+07 2.658266e-13
1.808000e+07 1.103695e-13
1.809000e+07 1.503768e-13
1.810000e+07 1.079563e-14
1.811000e+07 6.858402e-14
1.812000e+07 6.578986e-14
1.813000e+07 8.445996e-14
1.814000e+07 9.487457e-14
1.815000e+07 2.519828e-13
1.816000e+07 6.998111e-14
1.817000e+07 1.046541e-13
1.818000e+07 9.779574e-14
1.819000e+07 7.341031e-14
1.820000e+07 7.480739e-14
1.821000e+07 9.144537e-14
1.822000e+07 9.055631e-14
1.823000e+07 7.715703e-13
1.824000e+07 7.620447e-14
1.825000e+07 9.144537e-14
1.826000e+07 1.077023e-13
1.827000e+07 6.617088e-14
1.828000e+07 1.419943e-13
1.829000e+07 1.198950e-13
1.830000e+07 9.652566e-14
1.831000e+07 8.890522e-15
1.832000e+07 1.049082e-13
1.833000e+07 9.957384e-14
1.834000e+07 1.320878e-13
1.835000e+07 9.843078e-14
1.836000e+07 3.105332e-13
1.837000e+07 1.320878e-13
1.838000e+07 7.925265e-14
1.839000e+07 1.003359e-14
1.840000e+07 8.179280e-14
1.841000e+07 6.223365e-14
1.842000e+07 1.315797e-13
1.843000e+07 1.055432e-13
1.844000e+07 2.389010e-13
1.845000e+07 1.303096e-13
1.846000e+07 8.573003e-14
1.847000e+07 5.080298e-14
1.848000e+07 9.576362e-14
1.849000e+07 4.038837e-14
1.850000e+07 1.035111e-13
1.851000e+07 9.017529e-14
1.852000e+07 1.095058e-12
1.853000e+07 1.139257e-13
1.854000e+07 8.573003e-14
1.855000e+07 8.026871e-14
1.856000e+07 1.120206e-13
1.857000e+07 4.673874e-14
1.858000e+07 1.019870e-13
1.859000e+07 1.087184e-13
1.860000e+07 1.497418e-13
1.861000e+07 1.240863e-13
1.862000e+07 1.022410e-13
1.863000e+07 8.128477e-14
1.864000e+07 1.339929e-13
1.865000e+07 3.205668e-13
1.866000e+07 1.237053e-13
1.867000e+07 1.583783e-13
1.868000e+07 2.032119e-15
1.869000e+07 1.294206e-13
1.870000e+07 1.210381e-13
1.871000e+07 1.262454e-13
1.872000e+07 1.524089e-13
1.873000e+07 1.233242e-13
1.874000e+07 1.384381e-13
1.875000e+07 1.847958e-13
1.876000e+07 1.955915e-14
1.877000e+07 1.689199e-13
1.878000e+07 1.618075e-13
1.879000e+07 1.276425e-13
1.880000e+07 1.578703e-13
1.881000e+07 1.053146e-12
1.882000e+07 1.251023e-13
1.883000e+07 1.557111e-13
1.884000e+07 1.249753e-13
1.885000e+07 1.093534e-13
1.886000e+07 1.090994e-13
1.887000e+07 1.266264e-13
1.888000e+07 1.468206e-13
1.889000e+07 2.378850e-13
1.890000e+07 1.240863e-13
1.891000e+07 1.311987e-13
1.892000e+07 1.045271e-13
1.893000e+07 9.093734e-14
1.894000e+07 1.553301e-13
1.895000e+07 1.223082e-13
1.896000e+07 1.178629e-13
1.897000e+07 2.629054e-14
1.898000e+07 1.084644e-13
1.899000e+07 1.336118e-13
1.900000e+07 1.425024e-13
1.901000e+07 1.049082e-13
1.902000e+07 5.829642e-14
1.903000e+07 1.361520e-13
1.904000e+07 9.639866e-14
1.905000e+07 1.050352e-13
1.906000e+07 9.284245e-14
1.907000e+07 7.518841e-14
1.908000e+07 1.065593e-13
1.909000e+07 6.705993e-14
1.910000e+07 8.594594e-13
1.911000e+07 1.080833e-13
1.912000e+07 7.188622e-14
1.913000e+07 8.598405e-14
1.914000e+07 8.877821e-14
1.915000e+07 5.766138e-14
1.916000e+07 1.183709e-13
1.917000e+07 8.941325e-14
1.918000e+07 4.048998e-13
1.919000e+07 1.264994e-13
1.920000e+07 8.484098e-14
1.921000e+07 3.975333e-14
1.922000e+07 9.754172e-14
1.923000e+07 1.027490e-13
1.924000e+07 1.108775e-13
1.925000e+07 9.220741e-14
1.926000e+07 1.197680e-13
1.927000e+07 1.116396e-13
1.928000e+07 8.039572e-14
1.929000e+07 7.366432e-14
1.930000e+07 1.030030e-13
1.931000e+07 5.372415e-14
1.932000e+07 8.179280e-14
1.933000e+07 8.484098e-14
1.934000e+07 3.796253e-13
1.935000e+07 8.001469e-14
1.936000e+07 3.518106e-14
1.937000e+07 2.286134e-14
1.938000e+07 6.617088e-14
1.939000e+07 5.833452e-13
1.940000e+07 5.131101e-14
1.941000e+07 7.125118e-14
1.942000e+07 5.715335e-15
1.943000e+07 6.655191e-14
1.944000e+07 5.994752e-14
1.945000e+07 3.035478e-14
1.946000e+07 7.036213e-14
1.947000e+07 5.039656e-13
1.948000e+07 3.556209e-14
1.949000e+07 7.112417e-14
1.950000e+07 3.340296e-14
1.951000e+07 1.803506e-14
1.952000e+07 1.092264e-14
1.953000e+07 1.295476e-14
1.954000e+07 5.651832e-14
1.955000e+07 2.425842e-13
1.956000e+07 2.502047e-14
1.957000e+07 7.175921e-14
1.958000e+07 5.270809e-14
1.959000e+07 4.419859e-14
1.960000e+07 1.193870e-14
1.961000e+07 4.534166e-14
1.962000e+07 7.023512e-14
1.963000e+07 6.004912e-13
1.964000e+07 2.908471e-14
1.965000e+07 6.490081e-14
1.966000e+07 6.464679e-14
1.967000e+07 5.220006e-14
1.968000e+07 2.617624e-13
1.969000e+07 6.578986e-14
1.970000e+07 7.048914e-14
1.971000e+07 1.765404e-14
1.972000e+07 3.975333e-14
1.973000e+07 5.004094e-14
1.974000e+07 6.782198e-14
1.975000e+07 1.803506e-14
1.976000e+07 5.487992e-13
1.977000e+07 3.708618e-14
1.978000e+07 1.803506e-14
1.979000e+07 1.917813e-14
1.980000e+07 2.565551e-14
1.981000e+07 3.556209e-15
1.982000e+07 7.226724e-14
1.983000e+07 3.429201e-14
1.984000e+07 3.020237e-13
1.985000e+07 6.007452e-14
1.986000e+07 4.940590e-14
1.987000e+07 3.734019e-14
1.988000e+07 6.210664e-14
1.989000e+07 3.683216e-15
1.990000e+07 8.280886e-14
1.991000e+07 4.864385e-14
1.992000e+07 9.018799e-13
1.993000e+07 7.950667e-14
1.994000e+07 4.254750e-14
1.995000e+07 5.918547e-14
1.996000e+07 5.994752e-14
1.997000e+07 1.162118e-13
1.998000e+07 7.658549e-14
1.999000e+07 8.344390e-14
2.000000e+07 1.267534e-13
2.001000e+07 7.722053e-14
2.002000e+07 4.153144e-14
2.003000e+07 4.877086e-14
2.004000e+07 8.573003e-14
2.005000e+07 5.317802e-13
2.006000e+07 5.296211e-14
2.007000e+07 5.601029e-14
2.008000e+07 7.048914e-14
2.009000e+07 2.959274e-14
2.010000e+07 3.111683e-14
2.011000e+07 2.540149e-16
2.012000e+07 2.819565e-14
2.013000e+07 3.386019e-13
2.014000e+07 4.318253e-15
2.015000e+07 9.144537e-15
2.016000e+07 1.256104e-13
2.017000e+07 1.816207e-14
2.018000e+07 4.318253e-14
2.019000e+07 4.292852e-14
2.020000e+07 1.066863e-14
2.021000e+07 1.089470e-12
2.022000e+07 4.623071e-14
2.023000e+07 5.969350e-15
2.024000e+07 4.572268e-14
2.025000e+07 4.445261e-14
2.026000e+07 8.064973e-14
2.027000e+07 5.435919e-14
2.028000e+07 3.124383e-14
2.029000e+07 3.835625e-13
2.030000e+07 6.045555e-14
2.031000e+07 2.032119e-14
2.032000e+07 5.702635e-14
2.033000e+07 4.902488e-14
2.034000e+07 4.501144e-13
2.035000e+07 2.768762e-14
2.036000e+07 2.349638e-14
2.037000e+07 8.471397e-14
2.038000e+07 4.851685e-14
2.039000e+07 1.524089e-14
2.040000e+07 8.890522e-15
2.041000e+07 4.102341e-14
2.042000e+07 2.330587e-13
2.043000e+07 1.600294e-14
2.044000e+07 2.514748e-14
2.045000e+07 1.544411e-13
2.046000e+07 3.162486e-14
2.047000e+07 5.664532e-14
2.048000e+07 2.032119e-14
2.049000e+07 5.626430e-14
2.050000e+07 9.422683e-13
2.051000e+07 2.756062e-14
2.052000e+07 3.137084e-14
2.053000e+07 8.509499e-15
2.054000e+07 2.527448e-14
2.055000e+07 4.927889e-14
2.056000e+07 7.239425e-15
2.057000e+07 4.089640e-14
2.058000e+07 5.374955e-13
2.059000e+07 9.271544e-15
2.060000e+07 5.753438e-14
2.061000e+07 5.905847e-14
2.062000e+07 4.280151e-14
2.063000e+07 3.128194e-13
2.064000e+07 2.743361e-14
2.065000e+07 5.054897e-14
2.066000e+07 1.945754e-13
2.067000e+07 2.324236e-14
2.068000e+07 5.016794e-14
2.069000e+07 2.933872e-14
2.070000e+07 3.149785e-14
2.071000e+07 2.081652e-13
2.072000e+07 2.400441e-14
2.073000e+07 4.178545e-14
2.074000e+07 3.734019e-13
2.075000e+07 4.318253e-14
2.076000e+07 9.525559e-14
2.077000e+07 8.369791e-14
2.078000e+07 5.029495e-14
2.079000e+07 7.662360e-13
2.080000e+07 5.283510e-14
2.081000e+07 4.445261e-14
2.082000e+07 9.474756e-14
2.083000e+07 4.877086e-14
2.084000e+07 5.982051e-14
2.085000e+07 6.121759e-14
2.086000e+07 1.917813e-14
2.087000e+07 6.939687e-13
2.088000e+07 4.750079e-14
2.089000e+07 2.921171e-14
2.090000e+07 1.220542e-13
2.091000e+07 5.385116e-14
2.092000e+07 1.668878e-13
2.093000e+07 7.976068e-14
2.094000e+07 4.788181e-14
2.095000e+07 3.143434e-13
2.096000e+07 9.589063e-14
2.097000e+07 5.486722e-14
2.098000e+07 1.002089e-13
2.099000e+07 6.921906e-14
2.100000e+07 1.536790e-13
2.101000e+07 8.255484e-14
2.102000e+07 4.750079e-14
2.103000e+07 5.759788e-13
2.104000e+07 8.763514e-14
2.105000e+07 5.893146e-14
2.106000e+07 7.582345e-14
2.107000e+07 9.144537e-14
2.108000e+07 4.764050e-13
2.109000e+07 8.700010e-14
2.110000e+07 6.820300e-14
2.111000e+07 1.150688e-13
2.112000e+07 1.143067e-13
2.113000e+07 9.792275e-14
2.114000e+07 8.852419e-14
2.115000e+07 1.233242e-13
2.116000e+07 7.939236e-13
2.117000e+07 9.754172e-14
2.118000e+07 1.021140e-13
2.119000e+07 1.365330e-13
2.120000e+07 1.300556e-13
2.121000e+07 1.583783e-13
2.122000e+07 9.131836e-14
2.123000e+07 1.193870e-13
2.124000e+07 4.238239e-13
2.125000e+07 8.877821e-14
2.126000e+07 1.160848e-13
2.127000e+07 8.280886e-14
2.128000e+07 1.092264e-13
2.129000e+07 1.736192e-13
2.130000e+07 8.153878e-14
2.131000e+07 1.084644e-13
2.132000e+07 8.663178e-13
2.133000e+07 9.957384e-14
2.134000e+07 1.394542e-13
2.135000e+07 1.167198e-13
2.136000e+07 1.376761e-13
2.137000e+07 3.480004e-13
2.138000e+07 9.893881e-14
2.139000e+07 1.300556e-13
2.140000e+07 2.667156e-13
2.141000e+07 1.149417e-13
2.142000e+07 1.595214e-13
2.143000e+07 1.451695e-13
2.144000e+07 1.253564e-13
2.145000e+07 8.792726e-13
2.146000e+07 1.174819e-13
2.147000e+07 1.484717e-13
2.148000e+07 2.249302e-13
2.149000e+07 1.512659e-13
2.150000e+07 1.897491e-13
2.151000e+07 1.668878e-13
2.152000e+07 1.626965e-13
2.153000e+07 5.315262e-13
2.154000e+07 1.483447e-13
2.155000e+07 1.290396e-13
2.156000e+07 2.157857e-13
2.157000e+07 1.315797e-13
2.158000e+07 1.903842e-13
2.159000e+07 1.524089e-13
2.160000e+07 1.334848e-13
2.161000e+07 1.002597e-12
2.162000e+07 1.493608e-13
2.163000e+07 1.305637e-13
2.164000e+07 1.740002e-13
2.165000e+07 1.360250e-13
2.166000e+07 2.000367e-13
2.167000e+07 1.432644e-13
2.168000e+07 1.090994e-13
2.169000e+07 4.295392e-13
2.170000e+07 1.483447e-13
2.171000e+07 1.272615e-13
2.172000e+07 1.809856e-13
2.173000e+07 1.597754e-13
2.174000e+07 7.087016e-13
2.175000e+07 1.726031e-13
2.176000e+07 1.492338e-13
2.177000e+07 2.240411e-13
2.178000e+07 1.786995e-13
2.179000e+07 1.519009e-13
2.180000e+07 1.637126e-13
2.181000e+07 1.891141e-13
2.182000e+07 4.396998e-13
2.183000e+07 1.864469e-13
2.184000e+07 1.751433e-13
2.185000e+07 2.691288e-13
2.186000e+07 2.015608e-13
2.187000e+07 2.093083e-13
2.188000e+07 1.738732e-13
2.189000e+07 1.917813e-13
2.190000e+07 1.005391e-12
2.191000e+07 1.957185e-13
2.192000e+07 2.118484e-13
2.193000e+07 1.854309e-13
2.194000e+07 2.244222e-13
2.195000e+07 2.228981e-13
2.196000e+07 1.766674e-13
2.197000e+07 2.002908e-13
2.198000e+07 6.717424e-13
2.199000e+07 1.686659e-13
2.200000e+07 2.058791e-13
2.201000e+07 1.784455e-13
2.202000e+07 1.718411e-13
2.203000e+07 5.288590e-13
2.204000e+07 1.473286e-13
2.205000e+07 1.751433e-13
2.206000e+07 2.690018e-13
2.207000e+07 1.567272e-13
2.208000e+07 1.825097e-13
2.209000e+07 1.400892e-13
2.210000e+07 1.517739e-13
2.211000e+07 3.643844e-13
2.212000e+07 1.351359e-13
2.213000e+07 1.635856e-13
2.214000e+07 3.873727e-13
2.215000e+07 1.496148e-13
2.216000e+07 2.118484e-13
2.217000e+07 1.652367e-13
2.218000e+07 1.461856e-13
2.219000e+07 8.838449e-13
2.220000e+07 1.637126e-13
2.221000e+07 1.681579e-13
2.222000e+07 2.193419e-13
2.223000e+07 1.741272e-13
2.224000e+07 2.244222e-13
2.225000e+07 1.935594e-13
2.226000e+07 1.723491e-13
2.227000e+07 8.733032e-13
2.228000e+07 1.748893e-13
2.229000e+07 1.619345e-13
2.230000e+07 2.335667e-13
2.231000e+07 1.628236e-13
2.232000e+07 3.500325e-13
2.233000e+07 1.781915e-13
2.234000e+07 1.562192e-13
2.235000e+07 3.915640e-13
2.236000e+07 1.931783e-13
2.237000e+07 1.685389e-13
2.238000e+07 1.929243e-13
2.239000e+07 1.731112e-13
2.240000e+07 2.869098e-13
2.241000e+07 1.906382e-13
2.242000e+07 1.510119e-13
2.243000e+07 5.805511e-13
2.244000e+07 1.836528e-13
2.245000e+07 1.750163e-13
2.246000e+07 1.868280e-13
2.247000e+07 1.812396e-13
2.248000e+07 6.404986e-13
2.249000e+07 1.982586e-13
2.250000e+07 1.582513e-13
2.251000e+07 2.072762e-13
2.252000e+07 2.039740e-13
2.253000e+07 1.679039e-13
2.254000e+07 1.642206e-13
2.255000e+07 1.673958e-13
2.256000e+07 9.474756e-13
2.257000e+07 1.676498e-13
2.258000e+07 1.687929e-13
2.259000e+07 1.949564e-13
2.260000e+07 1.966075e-13
2.261000e+07 2.262003e-13
2.262000e+07 1.541870e-13
2.263000e+07 1.719681e-13
2.264000e+07 4.546867e-13
2.265000e+07 1.686659e-13
2.266000e+07 1.850499e-13
2.267000e+07 1.461856e-13
2.268000e+07 1.714601e-13
2.269000e+07 2.307725e-13
2.270000e+07 1.352629e-13
2.271000e+07 1.778104e-13
2.272000e+07 7.685221e-13
2.273000e+07 1.666338e-13
2.274000e+07 1.912732e-13
2.275000e+07 1.438994e-13
2.276000e+07 1.588863e-13
2.277000e+07 4.045187e-13
2.278000e+07 1.159578e-13
2.279000e+07 1.665068e-13
2.280000e+07 2.541419e-13
2.281000e+07 1.577433e-13
2.282000e+07 1.929243e-13
2.283000e+07 1.544411e-13
2.284000e+07 1.635856e-13
2.285000e+07 1.002470e-12
2.286000e+07 1.383111e-13
2.287000e+07 1.661257e-13
2.288000e+07 2.234061e-13
2.289000e+07 1.487257e-13
2.290000e+07 2.046090e-13
2.291000e+07 1.483447e-13
2.292000e+07 1.383111e-13
2.293000e+07 5.186984e-13
2.294000e+07 1.298016e-13
2.295000e+07 1.313257e-13
2.296000e+07 1.781915e-13
2.297000e+07 1.187520e-13
2.298000e+07 2.057521e-13
2.299000e+07 1.300556e-13
2.300000e+07 1.064322e-13
2.301000e+07 8.957836e-13
2.302000e+07 1.362790e-13
2.303000e+07 1.327228e-13
2.304000e+07 1.595214e-13
2.305000e+07 1.341199e-13
2.306000e+07 2.469025e-13
2.307000e+07 1.493608e-13
2.308000e+07 1.191330e-13
2.309000e+07 3.913100e-13
2.310000e+07 1.365330e-13
2.311000e+07 1.223082e-13
2.312000e+07 1.172279e-13
2.313000e+07 1.324688e-13
2.314000e+07 8.094185e-13
2.315000e+07 1.310717e-13
2.316000e+07 9.665267e-14
2.317000e+07 1.935594e-13
2.318000e+07 1.416133e-13
2.319000e+07 1.060512e-13
2.320000e+07 1.295476e-13
2.321000e+07 1.182439e-13
2.322000e+07 4.315713e-13
2.323000e+07 1.329768e-13
2.324000e+07 1.129096e-13
2.325000e+07 1.825097e-13
2.326000e+07 1.475827e-13
2.327000e+07 1.746352e-13
2.328000e+07 1.394542e-13
2.329000e+07 1.451695e-13
2.330000e+07 8.810507e-13
2.331000e+07 1.705710e-13
2.332000e+07 1.609184e-13
2.333000e+07 1.534250e-13
2.334000e+07 1.775564e-13
2.335000e+07 1.869550e-13
2.336000e+07 1.465666e-13
2.337000e+07 1.736192e-13
2.338000e+07 6.054445e-13
2.339000e+07 1.667608e-13
2.340000e+07 1.596484e-13
2.341000e+07 1.522819e-13
2.342000e+07 1.677768e-13
2.343000e+07 6.083657e-13
2.344000e+07 1.254834e-13
2.345000e+07 1.620615e-13
2.346000e+07 2.279784e-13
2.347000e+07 1.339929e-13
2.348000e+07 1.346279e-13
2.349000e+07 1.016060e-13
2.350000e+07 1.291666e-13
2.351000e+07 3.656545e-13
2.352000e+07 9.462055e-14
2.353000e+07 1.212921e-13
2.354000e+07 2.818295e-13
2.355000e+07 1.082103e-13
2.356000e+07 1.701900e-13
2.357000e+07 9.563661e-14
2.358000e+07 1.040191e-13
2.359000e+07 7.810958e-13
2.360000e+07 9.576362e-14
2.361000e+07 1.139257e-13
2.362000e+07 1.286585e-13
2.363000e+07 8.712711e-14
2.364000e+07 1.215461e-13
2.365000e+07 7.836360e-14
2.366000e+07 6.680592e-14
2.367000e+07 7.908754e-13
2.368000e+07 6.109058e-14
2.369000e+07 7.417235e-14
2.370000e+07 1.126556e-13
2.371000e+07 5.791540e-14
2.372000e+07 3.166296e-13
2.373000e+07 7.239425e-14
2.374000e+07 5.588328e-14
2.375000e+07 2.683667e-13
2.376000e+07 7.353731e-14
2.377000e+07 7.264826e-14
2.378000e+07 8.941325e-14
2.379000e+07 6.858402e-14
2.380000e+07 2.189608e-13
2.381000e+07 6.070956e-14
2.382000e+07 3.010077e-14
2.383000e+07 4.015976e-13
2.384000e+07 6.058255e-14
2.385000e+07 5.816941e-14
2.386000e+07 8.560302e-14
2.387000e+07 5.232707e-14
2.388000e+07 5.749627e-13
2.389000e+07 7.658549e-14
2.390000e+07 6.147161e-14
2.391000e+07 1.140527e-13
2.392000e+07 1.044001e-13
2.393000e+07 7.963367e-14
2.394000e+07 8.801616e-14
2.395000e+07 7.353731e-14
2.396000e+07 9.369340e-13
2.397000e+07 8.852419e-14
2.398000e+07 7.747455e-14
2.399000e+07 1.393272e-13
2.400000e+07 1.168469e-13
2.401000e+07 1.788265e-13
2.402000e+07 8.191981e-14
2.403000e+07 8.445996e-14
2.404000e+07 3.237420e-13
2.405000e+07 9.423953e-14
2.406000e+07 8.153878e-14
2.407000e+07 9.804975e-14
2.408000e+07 1.157038e-13
2.409000e+07 1.983856e-13
2.410000e+07 8.954025e-14
2.411000e+07 9.462055e-14
2.412000e+07 5.758518e-13
2.413000e+07 8.788916e-14
2.414000e+07 9.538260e-14
2.415000e+07 8.941325e-14
2.416000e+07 1.104965e-13
2.417000e+07 3.982954e-13
2.418000e+07 6.718694e-14
2.419000e+07 9.639866e-14
2.420000e+07 1.563462e-13
2.421000e+07 8.598405e-14
2.422000e+07 1.150688e-13
2.423000e+07 7.912564e-14
2.424000e+07 9.614464e-14
2.425000e+07 1.022029e-12
2.426000e+07 7.518841e-14
2.427000e+07 9.639866e-14
2.428000e+07 1.268804e-13
2.429000e+07 8.573003e-14
2.430000e+07 1.618075e-13
2.431000e+07 1.030030e-13
2.432000e+07 1.141797e-13
2.433000e+07 4.766590e-13
2.434000e+07 9.703369e-14
2.435000e+07 1.196410e-13
2.436000e+07 1.370410e-13
2.437000e+07 1.115125e-13
2.438000e+07 2.070221e-13
2.439000e+07 1.140527e-13
2.440000e+07 9.462055e-14
2.441000e+07 7.545513e-13
2.442000e+07 9.398551e-14
2.443000e+07 1.201490e-13
2.444000e+07 1.278965e-13
2.445000e+07 1.042731e-13
2.446000e+07 2.648105e-13
2.447000e+07 1.181169e-13
2.448000e+07 8.395193e-14
2.449000e+07 3.105332e-13
2.450000e+07 1.097344e-13
2.451000e+07 9.741472e-14
2.452000e+07 1.202761e-13
2.453000e+07 6.401176e-14
2.454000e+07 8.834638e-13
2.455000e+07 7.963367e-14
2.456000e+07 4.673874e-14
2.457000e+07 1.388191e-13
2.458000e+07 6.985410e-14
2.459000e+07 6.845702e-14
2.460000e+07 9.068332e-14
2.461000e+07 7.023512e-14
2.462000e+07 4.273801e-13
2.463000e+07 8.801616e-14
2.464000e+07 8.141178e-14
2.465000e+07 1.497418e-13
2.466000e+07 1.103695e-13
2.467000e+07 1.501228e-13
2.468000e+07 1.125286e-13
2.469000e+07 9.677968e-14
2.470000e+07 7.550593e-13
2.471000e+07 1.374221e-13
2.472000e+07 8.725412e-14
2.473000e+07 9.296946e-14
2.474000e+07 1.116396e-13
2.475000e+07 1.334848e-13
2.476000e+07 1.046541e-13
2.477000e+07 1.200220e-13
2.478000e+07 5.122211e-13
2.479000e+07 1.342469e-13
2.480000e+07 1.127826e-13
2.481000e+07 1.234512e-13
2.482000e+07 1.404702e-13
2.483000e+07 6.669161e-13
2.484000e+07 1.178629e-13
2.485000e+07 1.332308e-13
2.486000e+07 1.925433e-13
2.487000e+07 1.271345e-13
2.488000e+07 1.183709e-13
2.489000e+07 9.500157e-14
2.490000e+07 1.451695e-13
2.491000e+07 3.996925e-13
2.492000e+07 1.324688e-13
2.493000e+07 1.503768e-13
2.494000e+07 2.413142e-13
2.495000e+07 1.400892e-13
2.496000e+07 2.034659e-13
2.497000e+07 1.112585e-13
2.498000e+07 1.253564e-13
2.499000e+07 7.426126e-13
2.500000e+07 1.065593e-13
2.501000e+07 1.284045e-13
2.502000e+07 1.107505e-13
2.503000e+07 1.083374e-13
2.504000e+07 1.372951e-13
2.505000e+07 9.106434e-14
2.506000e+07 1.104965e-13
2.507000e+07 8.094185e-13
2.508000e+07 1.070673e-13
2.509000e+07 1.444075e-13
2.510000e+07 1.450425e-13
2.511000e+07 1.117666e-13
2.512000e+07 4.567188e-13
2.513000e+07 1.165928e-13
2.514000e+07 1.124016e-13
2.515000e+07 2.664616e-13
2.516000e+07 1.111315e-13
2.517000e+07 1.262454e-13
2.518000e+07 1.338659e-13
2.519000e+07 1.124016e-13
2.520000e+07 3.206938e-13
2.521000e+07 1.303096e-13
2.522000e+07 1.159578e-13
2.523000e+07 3.841975e-13
2.524000e+07 1.223082e-13
2.525000e+07 1.472016e-13
2.526000e+07 1.451695e-13
2.527000e+07 1.102425e-13
2.528000e+07 6.534533e-13
2.529000e+07 1.315797e-13
2.530000e+07 1.075753e-13
2.531000e+07 1.687929e-13
2.532000e+07 1.282775e-13
2.533000e+07 1.291666e-13
2.534000e+07 1.342469e-13
2.535000e+07 1.066863e-13
2.536000e+07 1.024061e-12
2.537000e+07 1.390732e-13
2.538000e+07 1.149417e-13
2.539000e+07 1.705710e-13
2.540000e+07 1.489797e-13
2.541000e+07 2.818295e-13
2.542000e+07 1.606644e-13
2.543000e+07 1.475827e-13
2.544000e+07 3.548588e-13
2.545000e+07 1.654907e-13
2.546000e+07 1.308177e-13
2.547000e+07 1.437724e-13
2.548000e+07 1.704440e-13
2.549000e+07 2.606193e-13
2.550000e+07 1.667608e-13
2.551000e+07 1.668878e-13
2.552000e+07 5.696284e-13
2.553000e+07 1.766674e-13
2.554000e+07 1.788265e-13
2.555000e+07 1.599024e-13
2.556000e+07 1.927973e-13
2.557000e+07 5.161583e-13
2.558000e+07 1.601564e-13
2.559000e+07 1.724761e-13
2.560000e+07 2.010528e-13
2.561000e+07 1.831447e-13
2.562000e+07 1.689199e-13
2.563000e+07 1.774294e-13
2.564000e+07 2.090543e-13
2.565000e+07 1.210381e-12
2.566000e+07 1.795885e-13
2.567000e+07 2.091813e-13
2.568000e+07 2.109594e-13
2.569000e+07 1.953375e-13
2.570000e+07 2.538879e-13
2.571000e+07 1.606644e-13
2.572000e+07 1.858119e-13
2.573000e+07 5.194605e-13
2.574000e+07 1.797155e-13
2.575000e+07 2.006718e-13
2.576000e+07 1.868280e-13
2.577000e+07 1.870820e-13
2.578000e+07 3.043099e-13
2.579000e+07 1.591403e-13
2.580000e+07 1.831447e-13
2.581000e+07 7.272447e-13
2.582000e+07 1.788265e-13
2.583000e+07 2.085462e-13
2.584000e+07 2.103243e-13
2.585000e+07 1.886061e-13
2.586000e+07 4.111231e-13
2.587000e+07 1.943214e-13
2.588000e+07 2.052440e-13
2.589000e+07 3.622253e-13
2.590000e+07 2.060061e-13
2.591000e+07 2.240411e-13
2.592000e+07 2.194689e-13
2.593000e+07 1.943214e-13
2.594000e+07 1.149925e-12
2.595000e+07 2.113404e-13
2.596000e+07 2.058791e-13
2.597000e+07 2.866558e-13
2.598000e+07 2.171827e-13
2.599000e+07 2.303915e-13
2.600000e+07 2.263273e-13
2.601000e+07 2.212470e-13
2.602000e+07 6.064606e-13
2.603000e+07 2.372499e-13
2.604000e+07 2.052440e-13
2.605000e+07 2.634135e-13
2.606000e+07 2.245492e-13
2.607000e+07 2.913551e-13
2.608000e+07 2.308995e-13
2.609000e+07 1.936864e-13
2.610000e+07 7.692841e-13
2.611000e+07 2.250572e-13
2.612000e+07 1.996557e-13
2.613000e+07 2.207390e-13
2.614000e+07 2.154046e-13
2.615000e+07 2.481726e-13
2.616000e+07 2.032119e-13
2.617000e+07 1.886061e-13
2.618000e+07 5.477831e-13
2.619000e+07 2.307725e-13
2.620000e+07 2.113404e-13
2.621000e+07 2.281054e-13
2.622000e+07 2.424572e-13
2.623000e+07 8.736843e-13
2.624000e+07 2.140076e-13
2.625000e+07 1.994017e-13
2.626000e+07 2.621434e-13
2.627000e+07 2.212470e-13
2.628000e+07 1.964805e-13
2.629000e+07 1.726031e-13
2.630000e+07 2.227711e-13
2.631000e+07 5.014254e-13
2.632000e+07 2.021959e-13
2.633000e+07 2.216280e-13
2.634000e+07 2.726850e-13
2.635000e+07 2.162937e-13
2.636000e+07 2.724310e-13
2.637000e+07 1.900031e-13
2.638000e+07 2.142616e-13
2.639000e+07 7.403264e-13
2.640000e+07 1.837798e-13
2.641000e+07 1.958455e-13
2.642000e+07 1.788265e-13
2.643000e+07 1.921623e-13
2.644000e+07 2.221360e-13
2.645000e+07 1.572352e-13
2.646000e+07 2.066411e-13
2.647000e+07 8.169119e-13
2.648000e+07 1.818747e-13
2.649000e+07 2.119754e-13
2.650000e+07 1.960995e-13
2.651000e+07 1.743812e-13
2.652000e+07 6.083657e-13
2.653000e+07 1.581243e-13
2.654000e+07 1.785725e-13
2.655000e+07 2.792894e-13
2.656000e+07 1.489797e-13
2.657000e+07 1.672688e-13
2.658000e+07 1.458046e-13
2.659000e+07 1.501228e-13
2.660000e+07 3.793713e-13
2.661000e+07 1.390732e-13
2.662000e+07 1.404702e-13
2.663000e+07 3.294573e-13
2.664000e+07 1.219272e-13
2.665000e+07 1.798426e-13
2.666000e+07 1.306907e-13
2.667000e+07 1.108775e-13
2.668000e+07 6.476110e-13
2.669000e+07 1.188790e-13
2.670000e+07 1.235783e-13
2.671000e+07 1.803506e-13
2.672000e+07 1.404702e-13
2.673000e+07 1.599024e-13
2.674000e+07 1.562192e-13
2.675000e+07 1.422483e-13
2.676000e+07 1.085660e-12
2.677000e+07 1.684119e-13
2.678000e+07 1.529170e-13
2.679000e+07 1.891141e-13
2.680000e+07 1.595214e-13
2.681000e+07 3.610822e-13
2.682000e+07 1.708250e-13
2.683000e+07 1.267534e-13
2.684000e+07 3.237420e-13
2.685000e+07 1.536790e-13
2.686000e+07 1.334848e-13
2.687000e+07 1.308177e-13
2.688000e+07 1.313257e-13
2.689000e+07 2.518558e-13
2.690000e+07 1.314527e-13
2.691000e+07 1.190060e-13
2.692000e+07 4.276341e-13
2.693000e+07 1.371680e-13
2.694000e+07 1.353899e-13
2.695000e+07 1.303096e-13
2.696000e+07 1.502498e-13
2.697000e+07 5.213656e-13
2.698000e+07 1.478367e-13
2.699000e+07 1.403432e-13
2.700000e+07 1.543141e-13
2.701000e+07 1.515199e-13
2.702000e+07 1.301826e-13
2.703000e+07 1.267534e-13
2.704000e+07 1.394542e-13
2.705000e+07 1.221558e-12
2.706000e+07 1.308177e-13
2.707000e+07 1.576162e-13
2.708000e+07 1.464396e-13
2.709000e+07 1.503768e-13
2.710000e+07 2.397901e-13
2.711000e+07 1.291666e-13
2.712000e+07 1.719681e-13
2.713000e+07 4.230618e-13
2.714000e+07 1.581243e-13
2.715000e+07 1.755243e-13
2.716000e+07 1.672688e-13
2.717000e+07 1.827637e-13
2.718000e+07 3.201858e-13
2.719000e+07 1.618075e-13
2.720000e+07 1.870820e-13
2.721000e+07 6.027774e-13
2.722000e+07 1.841608e-13
2.723000e+07 2.141346e-13
2.724000e+07 1.907652e-13
2.725000e+07 1.938134e-13
2.726000e+07 4.483363e-13
2.727000e+07 1.983856e-13
2.728000e+07 2.110864e-13
2.729000e+07 3.396179e-13
2.730000e+07 2.014338e-13
2.731000e+07 2.281054e-13
2.732000e+07 2.079112e-13
2.733000e+07 1.911462e-13
2.734000e+07 1.270837e-12
2.735000e+07 1.841608e-13
2.736000e+07 1.900031e-13
2.737000e+07 2.505857e-13
2.738000e+07 1.936864e-13
2.739000e+07 2.555390e-13
2.740000e+07 2.175638e-13
2.741000e+07 1.883521e-13
2.742000e+07 5.834722e-13
2.743000e+07 1.897491e-13
2.744000e+07 1.703170e-13
2.745000e+07 2.189608e-13
2.746000e+07 1.761593e-13
2.747000e+07 2.847507e-13
2.748000e+07 1.878440e-13
2.749000e+07 1.568542e-13
2.750000e+07 6.561205e-13
2.751000e+07 1.927973e-13
2.752000e+07 1.839068e-13
2.753000e+07 2.060061e-13
2.754000e+07 1.945754e-13
2.755000e+07 3.015157e-13
2.756000e+07 2.088003e-13
2.757000e+07 1.766674e-13
2.758000e+07 4.612911e-13
2.759000e+07 2.226441e-13
2.760000e+07 1.731112e-13
2.761000e+07 1.879710e-13
2.762000e+07 1.738732e-13
2.763000e+07 9.679238e-13
2.764000e+07 1.779374e-13
2.765000e+07 1.659987e-13
2.766000e+07 2.129915e-13
2.767000e+07 1.789535e-13
2.768000e+07 1.492338e-13
2.769000e+07 1.427564e-13
2.770000e+07 1.524089e-13
2.771000e+07 4.932969e-13
2.772000e+07 1.746352e-13
2.773000e+07 1.595214e-13
2.774000e+07 1.997827e-13
2.775000e+07 1.814936e-13
2.776000e+07 2.358528e-13
2.777000e+07 1.375491e-13
2.778000e+07 1.666338e-13
2.779000e+07 6.090007e-13
2.780000e+07 1.564732e-13
2.781000e+07 1.738732e-13
2.782000e+07 1.681579e-13
2.783000e+07 1.869550e-13
2.784000e+07 2.193419e-13
2.785000e+07 1.503768e-13
2.786000e+07 1.798426e-13
2.787000e+07 6.902855e-13
2.788000e+07 1.676498e-13
2.789000e+07 1.957185e-13
2.790000e+07 1.648557e-13
2.791000e+07 1.778104e-13
2.792000e+07 6.980330e-13
2.793000e+07 1.512659e-13
2.794000e+07 1.630776e-13
2.795000e+07 2.404251e-13
2.796000e+07 1.380571e-13
2.797000e+07 1.734922e-13
2.798000e+07 1.572352e-13
2.799000e+07 1.747623e-13
2.800000e+07 4.471932e-13
2.801000e+07 1.624425e-13
2.802000e+07 1.775564e-13
2.803000e+07 3.145975e-13
2.804000e+07 1.572352e-13
2.805000e+07 2.342017e-13
2.806000e+07 1.578703e-13
2.807000e+07 1.489797e-13
2.808000e+07 6.595497e-13
2.809000e+07 1.493608e-13
2.810000e+07 1.585053e-13
2.811000e+07 1.926703e-13
2.812000e+07 1.668878e-13
2.813000e+07 1.992747e-13
2.814000e+07 1.728571e-13
2.815000e+07 1.515199e-13
2.816000e+07 1.062163e-12
2.817000e+07 1.696820e-13
2.818000e+07 1.654907e-13
2.819000e+07 1.966075e-13
2.820000e+07 2.927475e-07
